0:43 96 140 352 674 825 827 828 832 835 973 1114 1143 1350 1704 1705 1706 1707 1708 1709 1710 1711 1712 1713 1714 1715 1716 1717 1718 1719 1720 1721 1722 1723 1724 1725 1726 1727 1728 1729 1730 1731 1732 1733 1734 1735 1736 1737 1738 1739 1740 1741 1742 1743 1744 1745 1746 1747 1748 1749 1750 1751 1752 1753 1754 1755 1756 1757 1758 1759 1760 1761 1762 1763 1764 1765 1766 1767 1768 1769 1770 1771 1772 1773 1774 1775 1776 1777 1778 1779 1780 1781 1782 1783 1784 1785 1786 1787 1788 1789 1790 1791 1792 1793 1794 1795 1796 1797 1798 1799 1800 1801 1802 1803 1804 1805 1806 1807 1808 1809 1810 1811 1812 1813 1814 1815 1816 1817 1818 1819 1820 1821 1822 1823 1824 1825 1826 1827 1828 1829 1830 1831 1832 1833 1834 1835 1836 
0:153 610 770 1309 1312 1314 1317 1495 1662 1873 1883 1931 1933 1934 1935 1936 1937 1938 1939 1940 1941 1942 1943 1944 1945 1946 1947 1948 1949 1950 1951 1952 1953 1954 1955 1958 1959 1960 1961 1962 1963 1964 1965 1966 1967 1968 1969 1970 1971 1972 1973 1974 1975 1976 1977 1978 1979 1980 1981 1982 1983 1984 1985 1986 1987 1988 1989 1990 1991 1992 1993 1994 1996 1997 1998 1999 2000 2001 2002 2003 2004 2005 2006 2007 2008 2009 2010 2011 2012 2013 2014 2015 2016 2017 2018 2019 2020 2021 2022 2023 2024 2025 2026 2027 2028 2029 2030 2031 2032 2033 
0:1885 1886 1887 1888 1889 1890 1892 1893 1894 1895 1896 1897 1898 1899 1901 1903 1904 1905 1906 1909 1910 1912 1914 1916 1917 1919 1921 1922 1923 1924 1925 1926 1927 1928 1930 2229 2240 2464 2469 2476 2748 2852 2871 2872 2874 2912 2930 2931 2932 2933 2934 2935 2936 2937 2938 2939 2940 
0:1870 1934 1952 1954 1959 1971 1973 1977 1978 1992 2000 2001 2006 2007 2009 2025 2026 2101 2102 2105 2111 2112 2113 2114 2115 2116 2117 2118 2119 2120 2121 2122 2123 2124 2125 2126 2127 2128 2129 2130 2131 2132 2133 2134 2135 2136 2137 2138 2139 2140 2141 2142 2143 2144 2145 2146 
1:379 380 381 382 383 384 385 386 387 388 389 390 391 392 393 394 395 396 397 398 399 400 401 402 403 404 405 406 407 408 409 410 411 412 413 414 415 416 417 418 419 420 421 422 423 424 425 426 427 428 429 
0:184 610 1882 1883 1884 1885 1886 1887 1888 1889 1890 1891 1892 1893 1894 1895 1896 1897 1898 1899 1900 1901 1902 1903 1904 1905 1906 1907 1908 1909 1910 1911 1912 1913 1914 1915 1916 1917 1918 1919 1920 1921 1922 1923 1924 1925 1926 1927 1928 1929 1930 
0:96 476 494 1138 1139 1140 1141 1142 1143 1144 1145 1146 1147 1148 1149 1150 1151 1152 1153 1154 1155 1156 1157 1158 1159 1160 1161 1162 1163 1164 1165 1166 1167 1168 1169 1170 1171 1172 1173 1174 1175 1176 1177 1178 1179 1180 1181 
0:28 31 247 284 285 286 287 288 289 290 291 292 293 294 295 296 297 298 299 300 301 302 303 304 305 306 307 308 309 310 311 312 313 314 315 316 317 318 319 320 321 322 323 324 325 326 
0:584 587 591 1095 1732 1744 1761 2190 2264 2409 2410 2411 2412 2413 2414 2415 2416 2417 2418 2419 2420 2421 2422 2423 2424 2425 2426 2427 2428 2429 2430 2431 2432 2433 2434 2435 2436 2437 2438 2439 2440 2441 2442 2443 2444 
0:138 673 1192 1488 1489 1490 1491 1492 1494 1495 1496 1497 1498 1499 1500 1501 1502 1503 1504 1505 1508 1509 1510 1511 1512 1513 1514 1515 1516 1517 1518 1519 1520 1521 1522 1523 1524 1525 1526 1527 1528 1529 1531 1532 
0:79 80 81 82 230 232 237 239 242 394 487 1200 1201 1203 1204 1205 1206 1207 1208 1209 1210 1211 1212 1213 1214 1215 1216 1217 1218 1219 1220 1221 1222 1223 1224 1225 1226 1227 1228 1229 1230 1231 1232 
0:40 132 1101 1102 1307 1309 1312 1933 1938 1950 1962 1975 1977 2004 2078 2079 2080 2083 2084 2085 2086 2087 2088 2089 2090 2091 2092 2094 2095 2096 2097 2098 2101 2102 2103 2104 2105 2106 2107 2108 2109 
0:1883 1885 1886 1887 1888 1889 1890 1892 1893 1894 1895 1896 1897 1898 1899 1901 1903 1904 1905 1906 1909 1910 1912 1914 1916 1917 1919 1921 1922 1923 1924 1925 1926 1927 1928 1930 2229 2240 
0:24 47 121 122 126 129 133 242 263 482 483 484 486 487 488 489 491 492 493 495 499 500 501 503 504 505 506 508 509 510 511 512 516 517 518 522 523 
0:1885 1886 1887 1888 1889 1890 1892 1893 1894 1895 1896 1897 1898 1899 1901 1903 1904 1905 1906 1908 1909 1910 1912 1914 1916 1917 1919 1921 1922 1923 1924 1925 1926 1927 1928 1930 2936 
0:1885 1886 1887 1888 1889 1890 1892 1893 1894 1895 1896 1897 1898 1899 1901 1903 1904 1905 1906 1907 1909 1910 1912 1914 1916 1917 1919 1921 1922 1923 1924 1925 1926 1927 1928 1930 2852 
0:1885 1886 1887 1888 1889 1890 1892 1893 1894 1895 1896 1897 1898 1899 1900 1901 1903 1904 1905 1906 1909 1910 1912 1914 1916 1917 1919 1921 1922 1923 1924 1925 1926 1927 1928 1930 2469 
0:653 654 655 656 658 659 919 1577 2593 2594 2595 2596 2598 2599 2600 2601 2602 2603 2604 2605 2606 2607 2608 2609 2610 2611 2613 2614 2615 2616 2617 
0:696 766 921 946 947 948 949 950 951 952 953 954 955 956 957 958 959 960 961 962 963 964 965 966 967 968 969 970 971 972 973 
0:1314 1513 1515 1664 1683 1947 1958 1982 2083 2086 2142 2161 2162 2163 2164 2165 2166 2167 2168 2169 2170 2171 2172 2173 2174 2175 2176 2177 2178 2179 2180 
0:1314 1318 1936 1960 1996 2023 2033 2160 2163 2179 2180 2181 2182 2183 2185 2186 2188 2189 2191 2193 2194 2195 2196 2197 2198 2199 2201 2202 2203 2204 
0:959 963 965 966 968 970 980 981 986 987 989 991 992 993 995 996 997 1000 1003 1057 2516 2810 2813 3144 3145 3146 3147 3148 3149 3150 
0:293 317 685 1197 1693 1694 1697 2241 2525 2599 2622 2623 2624 2625 2626 2627 2628 2629 2630 2631 2632 2633 2634 2635 2636 2637 2638 2639 2640 
0:696 948 953 954 955 956 958 960 966 968 972 976 979 980 981 986 989 991 992 993 995 997 998 999 1000 1001 1002 1003 
0:1309 1312 1933 1934 1938 1950 1952 1954 1959 1962 1971 1973 1975 1977 1978 1992 2000 2001 2004 2006 2007 2009 2025 2026 2101 2102 2105 
0:1934 1952 1954 1959 1971 1973 1977 1978 1992 2000 2001 2006 2007 2009 2012 2025 2026 2115 2120 2121 2129 2131 2132 2136 2139 2141 2144 
0:718 1658 1659 1883 1919 1930 1955 1982 2029 2082 2226 2227 2228 2229 2230 2231 2232 2233 2234 2235 2236 2237 2238 2239 2240 2242 
0:151 285 304 311 320 321 663 665 721 1691 2517 2518 2519 2520 2521 2522 2523 2524 2525 2526 2527 2528 2529 2530 2531 2532 
0:612 1491 1496 1501 1510 1519 1525 1947 2179 2232 2234 2242 2357 2358 2359 2360 2361 2362 2363 2364 2365 2366 2367 2368 2369 2370 
0:696 948 953 954 955 956 958 959 960 963 965 966 968 970 972 980 981 986 989 991 992 993 995 997 1000 1003 
0:1309 1312 1933 1934 1938 1950 1952 1954 1959 1962 1971 1973 1975 1977 1978 1992 2000 2001 2004 2006 2007 2009 2025 2026 2030 2105 
0:117 118 119 120 121 122 123 124 125 126 127 128 129 130 131 132 133 134 135 136 137 138 139 140 141 
0:1780 1873 1940 1970 2003 2111 2116 2122 2127 2249 2449 2450 2451 2452 2453 2454 2455 2456 2457 2458 2459 2460 2461 2462 
0:317 323 528 744 745 746 747 748 749 750 751 752 753 754 755 756 757 758 759 760 761 762 763 764 
0:1934 1938 1952 1954 1959 1971 1973 1977 1978 1992 2000 2001 2006 2007 2009 2025 2026 2101 2102 2105 2118 2132 2133 2134 
0:1873 1934 1940 1952 1954 1959 1970 1971 1973 1977 1978 1992 2000 2001 2003 2006 2007 2009 2025 2026 2111 2116 2122 2127 
0:1479 1657 1662 1947 1950 1989 2083 2484 2493 2501 2557 2558 2559 2560 2561 2562 2563 2564 2565 2566 2567 2568 2569 
0:1954 1959 1978 2012 2115 2120 2121 2129 2131 2132 2136 2139 2141 2144 2200 2227 2239 2245 2246 2247 2248 2249 2250 
0:1314 1317 1934 1936 1947 1952 1954 1958 1959 1971 1973 1977 1978 1982 1992 2000 2001 2006 2007 2009 2025 2026 2142 
0:748 1511 1760 2537 2571 2572 2573 2574 2575 2576 2577 2578 2579 2580 2581 2582 2583 2584 2585 2586 2587 2588 
0:823 1796 1814 1827 1948 1993 1994 2043 2044 2045 2046 2047 2048 2049 2050 2051 2052 2053 2054 2055 2056 2057 
0:424 1103 1308 1769 1781 2085 2107 2137 2138 2544 2545 2546 2547 2548 2549 2550 2551 2552 2553 2554 2555 2556 
0:25 128 269 482 485 488 490 494 496 497 498 502 504 507 509 513 514 515 519 520 521 
0:495 552 625 993 999 1021 2273 2274 2275 2276 2277 2278 2279 2280 2281 2282 2283 2284 2285 2286 2287 
0:310 1691 2532 2636 2778 3480 3481 3482 3485 3486 3487 3488 3490 3492 3495 3496 3497 3498 3499 3500 3502 
0:2027 2083 2264 3103 3402 3403 3404 3405 3406 3411 3412 3413 3414 3415 3416 3417 3418 3419 3420 3421 3422 
0:140 1160 1759 1767 1778 1779 1811 1817 3158 3160 3586 3785 3786 3787 3788 3789 3790 3791 3792 3793 3794 
0:1934 1952 1954 1959 1964 1971 1973 1977 1978 1992 2000 2001 2006 2007 2009 2023 2025 2026 2033 2128 2143 
0:948 949 951 961 969 976 977 978 979 982 983 984 985 987 988 990 993 994 996 1004 
2:329 330 331 332 336 338 340 341 342 344 560 1066 1067 1068 1069 1070 1071 1072 1073 1075 
0:284 289 297 745 1688 1689 1690 1691 1692 1693 1694 1695 1696 1697 1698 1699 1700 1701 1702 1703 
0:948 959 963 965 966 968 970 980 981 986 987 989 991 992 993 995 996 997 1000 1003 
0:1954 1959 1978 1992 2114 2115 2118 2120 2121 2129 2131 2132 2133 2134 2136 2139 2141 2142 2144 2200 
0:696 948 949 951 953 954 955 956 958 959 960 961 963 965 966 968 969 970 972 993 
2:327 328 329 330 331 332 333 334 335 336 337 338 339 340 341 342 343 344 346 
0:1761 2088 2171 2190 2410 2413 2415 2417 2418 2420 2422 2424 2429 2431 2441 2443 2694 2695 2696 
0:1318 1704 1712 1714 1721 1729 1751 1769 1770 1774 1775 1776 1784 1785 1786 1787 1789 1790 1813 
0:1934 1938 1952 1954 1959 1971 1973 1977 1978 1992 2000 2001 2006 2007 2009 2012 2025 2026 2132 
0:1314 1934 1952 1954 1959 1971 1973 1977 1978 1992 2000 2001 2006 2007 2009 2025 2026 2117 2142 
0:1934 1944 1952 1954 1959 1971 1973 1977 1978 1992 2000 2001 2002 2006 2007 2009 2025 2026 2137 
0:1317 1934 1952 1954 1959 1971 1973 1977 1978 1992 2000 2001 2006 2007 2009 2025 2026 2114 2142 
0:75 78 80 81 82 84 228 230 231 232 233 234 235 236 237 239 240 243 
0:750 1510 1659 2126 3287 3289 3348 3349 3350 3351 3352 3353 3354 3355 3356 3357 3358 3359 
0:311 662 664 751 755 756 1531 2523 2524 2531 2588 3480 3483 3484 3491 3493 3494 3501 
0:820 821 822 823 825 826 827 828 829 830 831 832 833 834 835 836 837 838 
0:854 1690 3250 3481 3485 3486 3487 3490 3492 3495 3496 3497 3500 3502 3635 3636 3637 3639 
0:1954 1959 1978 2111 2115 2116 2120 2121 2122 2127 2129 2131 2132 2136 2139 2141 2144 2249 
0:948 966 968 976 979 980 981 986 989 991 992 993 995 996 997 1000 1002 1003 
0:948 966 968 976 979 980 981 986 987 989 991 992 993 995 996 997 1000 1003 
0:696 948 949 951 953 954 955 956 958 960 961 966 968 969 972 976 979 993 
0:497 498 550 551 556 580 581 582 583 584 585 586 587 588 589 590 591 
0:1387 1544 1741 3130 3241 3541 3583 3584 3585 3586 3587 3588 3589 3590 3591 3592 3593 
0:1504 1531 1832 2317 2318 2319 2320 2321 2322 2323 2324 2325 2326 2327 2328 2329 2330 
3:143 389 1189 1280 1282 1283 1284 1285 1286 1287 1288 1289 1290 1291 1292 1293 1294 
2:1837 1838 1839 1840 1841 1842 1843 1844 1845 1846 1847 1848 1849 1850 1851 1852 1853 
0:680 1306 1982 2373 2378 2475 2479 2482 2488 2494 2496 2497 2498 2499 2501 2502 2503 
0:739 779 780 781 782 783 784 785 786 787 788 789 790 791 792 793 794 
0:1954 1959 1978 2115 2120 2121 2129 2131 2132 2136 2139 2141 2142 2144 2200 2245 2247 
0:1309 1312 1314 1662 1933 1938 1947 1950 1958 1962 1975 1977 1982 1989 2004 2027 2083 
4:345 1326 1327 1328 1329 1330 1331 1332 1333 1334 1335 1336 1337 1338 1339 1340 
0:29 298 315 316 326 2837 3006 3007 3074 3558 3559 3560 3561 3562 3563 3564 
0:610 1134 1662 1907 1942 1950 1986 2033 2084 2098 2370 2507 2564 2856 2857 2858 
0:152 677 1133 1505 1734 1957 2224 2479 2480 2481 2485 2486 2490 2491 2492 2504 
0:614 681 1514 1986 2093 2480 2484 2752 2753 2754 2755 2756 2757 2758 2759 2760 
0:11 13 264 265 266 267 268 269 270 272 274 275 276 277 278 279 
0:1660 2114 2186 2228 2298 2299 2866 2867 2868 2869 2870 2871 2872 2873 2874 2875 
0:120 125 301 726 1938 2109 2241 2417 2816 2817 2818 2819 2820 2821 2822 2823 
0:1103 1938 1992 2118 2132 2133 2134 2181 2184 2185 2187 2189 2190 2192 2200 2204 
3:143 1189 1280 1281 1283 1284 1285 1286 1287 1288 1289 1290 1291 1292 1293 1294 
0:311 747 749 754 2768 2843 3352 3483 3494 3844 3845 3846 3847 3848 3849 3850 
2:329 330 331 332 333 335 336 338 339 340 341 342 343 344 346 1068 
0:1954 1959 1978 2115 2117 2120 2121 2129 2131 2132 2136 2139 2141 2142 2144 2247 
0:966 968 980 981 986 989 991 992 993 995 996 997 1000 1002 1003 2810 
0:1954 1959 1978 1992 2012 2115 2120 2121 2129 2131 2132 2136 2139 2141 2144 2200 
0:610 1309 1312 1662 1933 1938 1942 1950 1962 1975 1977 1986 2004 2033 2084 2098 
0:2323 2780 2784 3242 3243 3244 3245 3246 3247 3248 3249 3251 3253 3254 3255 
2:257 261 378 559 563 855 856 858 860 861 862 863 864 866 867 
0:1436 1437 1720 1772 1773 2057 2646 2797 2798 2799 2800 2801 2802 2804 2805 
0:726 1513 1964 2023 2033 2128 2143 2169 2194 2231 2760 2854 3092 3093 3094 
5:360 363 364 365 366 368 369 370 371 372 373 374 375 377 378 
0:1718 1724 1726 1745 1766 1794 1804 2428 2438 2697 2698 2699 2700 2701 2702 
0:3481 3485 3486 3487 3490 3492 3495 3496 3497 3498 3500 3502 3635 3636 3639 
0:1309 1312 1314 1933 1938 1947 1950 1958 1962 1975 1977 1982 2004 2083 2086 
2:112 857 859 865 866 867 1266 1269 1270 2288 2291 2393 2394 2396 
0:313 2535 3042 3473 3474 3475 3479 3612 3613 3651 3652 3653 3654 3655 
6:1071 1233 1234 1237 1239 1241 1244 1245 1247 1248 1250 1251 1253 1255 
0:7 8 9 10 11 12 13 14 15 16 17 18 24 25 
7:104 111 112 443 640 641 642 643 644 645 646 647 648 649 
0:53 56 732 967 2080 2549 2806 2808 2809 2811 2812 2813 2814 2815 
8:68 218 1047 1194 2658 2659 2660 2661 2662 2663 2664 2665 2666 2667 
0:756 1529 2321 2629 3068 3487 3492 3496 3498 3502 3635 3636 3638 3639 
0:948 949 951 959 961 963 965 966 968 969 970 987 993 996 
0:323 1529 2162 2629 2761 2766 2769 2771 2773 2774 2777 2778 2779 
0:672 677 1510 1531 2162 2361 2486 2763 2764 2765 2767 2768 2776 
0:1100 1102 1664 2079 2090 2147 2148 2149 2150 2151 2152 2153 2154 
0:15 23 121 269 484 502 513 514 515 601 602 603 604 
2:859 865 867 1261 1262 1263 1264 1265 1266 1267 1268 1269 1270 
9:1409 1410 1411 1412 1413 1414 1415 1416 1417 1418 1419 1420 1421 
10:144 876 2978 2979 2980 2981 2982 2983 2984 2985 2986 2987 2988 
0:145 146 147 148 149 150 151 152 153 154 155 156 157 
7:99 100 101 102 103 104 106 107 108 109 110 111 112 
11:501 2379 2380 2381 2382 2383 2384 2385 2386 2387 2388 2389 2390 
0:3481 3485 3486 3487 3488 3490 3492 3495 3496 3497 3500 3502 3637 
0:1690 1691 3481 3485 3486 3487 3490 3492 3495 3496 3497 3500 3502 
0:1307 1309 1312 1314 1933 1938 1950 1962 1975 1977 2004 2083 2086 
0:1309 1312 1933 1938 1950 1962 1975 1977 2004 2030 2089 2105 2108 
0:1309 1312 1662 1933 1938 1950 1962 1975 1977 2004 2083 2084 2098 
8:207 208 209 210 211 212 215 216 217 218 219 220 
0:1436 1446 2798 3538 3539 3540 3541 3542 3543 3544 3545 3546 
2:447 625 887 889 890 891 892 893 894 895 896 897 
0:45 124 1306 1307 1308 1309 1310 1311 1312 1313 1314 1315 
0:1311 1319 2174 3047 3048 3049 3050 3051 3052 3053 3054 3055 
2:1455 1461 1654 1845 2065 2255 3056 3303 3304 3305 3306 3307 
0:125 293 305 683 771 2528 2636 2654 2889 2890 2891 2893 
0:51 135 1820 1884 2731 2732 2733 2734 2735 2736 2737 2738 
12:628 690 691 692 693 694 695 696 697 698 699 700 
0:66 2365 2496 2509 2873 3305 3363 3453 3454 3455 3457 3458 
0:73 74 75 76 77 79 80 81 82 83 84 85 
0:1724 1744 1749 1766 1794 1804 2438 2503 2557 2699 2709 2710 
0:653 2593 2594 2596 2597 2598 2600 2601 2602 2605 2607 2612 
0:296 309 2592 3471 3472 3473 3474 3475 3476 3477 3478 3479 
0:653 2593 2594 2596 2597 2598 2600 2601 2602 2605 2607 2616 
0:1873 1940 1954 1959 1970 1978 2003 2111 2116 2122 2127 2249 
0:1314 1936 1938 1960 1992 1996 2023 2033 2181 2185 2189 2204 
0:948 949 951 961 966 968 969 976 979 987 993 996 
0:1314 1936 1947 1958 1960 1982 1996 2023 2033 2163 2179 2180 
0:1718 1724 1726 1732 1744 1745 1749 1761 1766 1794 1804 2438 
0:1718 1724 1726 1732 1744 1745 1761 1766 1794 1804 2428 2438 
13:2669 2671 2673 2674 2675 2676 2677 2678 2679 2680 2684 
14:1024 1025 1026 1027 1028 1029 1030 1031 1032 1033 1034 
8:215 220 1023 2388 2970 3503 3504 3505 3506 3507 3508 
0:537 767 984 1007 2270 2337 3150 3178 3180 3181 3183 
0:792 793 1976 2547 2550 2570 3122 3960 3961 3962 3963 
0:85 158 159 160 161 164 165 166 167 168 169 
15:59 637 638 639 899 936 1085 2811 3608 3609 3610 
0:301 752 2611 3031 3089 3478 3651 3655 3797 3798 3800 
0:319 323 2834 2835 2836 2837 3008 3009 3825 3826 3827 
0:3028 3062 3472 3478 3484 3844 3846 3847 3848 3849 3850 
2:596 1271 1342 1344 1345 1346 1844 3753 3760 3761 3762 
15:541 542 631 632 633 635 706 740 741 742 743 
0:120 298 3061 3062 3063 3064 3065 3066 3067 3068 3069 
0:1901 1930 2020 2725 2726 2727 2730 2866 2920 2921 2922 
0:1994 2044 2046 2055 2056 2173 2688 2692 3121 3127 3128 
2:361 446 447 448 449 450 451 452 453 454 455 
16:460 461 462 463 464 465 466 467 468 469 470 
17:1567 1568 1569 1570 1571 1572 1573 1574 1575 1576 1577 
0:1764 1765 1907 2202 2311 2466 2851 2852 2853 2854 2855 
0:1424 1425 1427 1428 1936 2174 2245 2465 2467 2468 2472 
0:314 1688 1695 2540 2541 2636 2841 2842 2843 2844 2845 
18:337 643 1065 1104 1118 1119 1120 1121 1122 1123 1124 
0:1718 1724 1726 1744 1745 1749 1766 1794 1804 2438 2699 
0:1718 1724 1726 1744 1745 1766 1794 1804 2428 2438 2699 
0:121 128 269 482 488 502 504 509 513 514 515 
0:121 269 482 484 488 502 504 509 513 514 515 
0:1314 1513 1947 1958 1982 2023 2033 2163 2169 2179 2180 
0:74 77 82 228 229 238 241 242 244 245 
0:185 535 605 609 610 611 612 613 614 616 
0:44 45 47 48 49 50 52 53 54 56 
0:48 50 3310 3311 3312 3313 3314 3315 3316 3317 
0:169 181 190 191 192 193 194 195 196 197 
0:586 993 1938 2058 2080 2214 2215 2216 2219 2220 
2:200 879 881 882 883 884 885 886 887 888 
19:1403 1680 2958 2959 2960 2961 2962 2963 2964 2965 
2:452 822 1341 1342 1343 1344 1345 1346 1347 1348 
0:647 966 996 1002 2404 2807 2881 2883 2884 2886 
2:625 890 3056 3240 3241 3318 3319 3321 3322 3323 
0:10 264 265 266 271 272 273 277 280 281 
0:2648 2649 2650 2651 2652 2653 2654 2655 2656 2657 
0:83 229 789 794 2331 2332 2333 2334 2335 2336 
6:363 723 1463 1464 1469 1470 1473 1474 1475 1477 
0:1133 1135 1193 1495 1510 1931 1932 1956 1957 1995 
0:835 2041 2082 2371 2372 2373 2375 2376 2377 2378 
20:244 667 668 669 773 774 775 776 777 778 
0:1314 2117 2142 2175 2176 2188 2247 3139 3176 3177 
21:2576 3043 3065 3709 3710 3711 3712 3713 3714 3715 
0:650 651 652 653 654 655 656 657 658 659 
0:185 677 1505 2235 2236 2479 2490 2491 2493 2500 
0:8 9 12 18 258 259 260 261 262 263 
2:856 857 865 866 1270 1441 1636 2290 2393 2395 
0:1609 3026 3028 3029 3030 3032 3033 3034 3035 3036 
0:1436 1437 2044 2057 2691 2797 2798 2800 2802 2803 
0:1436 1437 2057 2646 2797 2798 2800 2802 2803 2804 
0:823 1994 2044 2046 2047 2048 2055 2056 2688 2692 
0:311 3483 3484 3494 3844 3846 3847 3848 3849 3850 
0:75 79 80 81 82 84 230 232 237 239 
0:121 122 126 128 129 133 482 488 504 509 
0:284 285 289 297 304 310 311 320 321 1691 
0:1883 1954 1955 1959 1978 1982 2012 2029 2227 2239 
0:1314 1936 2142 2163 2179 2180 2182 2183 2188 2189 
0:1314 1936 1938 1960 1992 1993 1996 2023 2033 2189 
0:1938 1954 1959 1978 1992 2118 2132 2133 2134 2200 
0:1314 1936 1947 1958 1982 2142 2163 2174 2179 2180 
0:1491 1496 1501 1510 1513 1515 1519 1525 1947 2179 
0:1491 1495 1496 1501 1510 1513 1515 1519 1525 1947 
0:96 140 1143 1160 1759 1767 1778 1779 1811 1817 
0:323 2077 2591 2592 2905 3033 3087 3091 3438 
22:882 1466 3672 3674 3675 3676 3677 3678 3679 
0:1996 2183 2245 2473 2474 2475 2476 2477 2478 
0:1492 1500 1505 1509 2479 2483 2484 2487 2491 
2:1376 1380 1565 1849 2993 2997 3674 3725 3752 
0:1185 2520 2532 2536 2537 2538 2539 2542 2543 
2:1017 1018 3285 3726 3727 3728 3729 3730 3731 
23:2504 3377 3378 3379 3380 3381 3382 3383 3384 
2:336 597 1074 1278 2062 2705 3023 3703 3753 
0:1103 1495 1514 1518 2752 3168 3169 3170 3171 
2:885 1650 1652 2061 3056 3756 3757 3758 3759 
0:3026 3027 3029 3030 3031 3032 3034 3035 3036 
0:1706 1784 1828 1995 2038 2039 2040 2041 2042 
0:590 1933 1938 2081 2082 2093 2099 2100 2110 
0:1314 2213 2358 2479 2488 2489 2493 2495 2499 
0:1809 1994 2036 2037 2053 2054 2838 2839 2840 
0:1913 1951 2164 2295 2296 2297 2298 2299 2300 
0:230 232 738 739 773 789 790 1216 2392 
0:185 677 2045 2765 2965 3110 3533 3534 3536 
0:1742 1767 1783 1805 1816 1826 1830 1835 3116 
0:993 994 1002 1004 1021 2278 2281 2810 2885 
0:314 1530 2532 2536 2538 2539 2540 2541 2543 
2:859 865 867 1265 1266 1267 1269 1270 2396 
0:2323 2780 2781 3243 3244 3245 3247 3249 3251 
0:2323 2769 2781 3243 3244 3245 3247 3249 3251 
0:286 290 298 315 316 319 323 326 2837 
0:80 81 82 228 230 232 237 239 242 
0:311 747 749 751 754 755 756 3483 3494 
0:140 1741 1759 1767 1778 1779 1811 1817 3586 
0:140 1759 1767 1777 1778 1779 1811 1817 3785 
0:823 825 827 828 832 835 1796 1814 1827 
0:610 1662 1942 1947 1950 1986 1989 2033 2564 
0:610 1662 1942 1947 1950 1986 2033 2370 2564 
0:311 317 323 747 749 751 754 755 756 
0:121 122 126 127 129 133 510 516 517 
0:1873 1940 1954 1959 1970 1978 2003 2012 2249 
0:1314 2142 2163 2176 2179 2180 2182 2183 2188 
0:1314 1317 1936 1960 1996 2023 2033 2182 2183 
0:1314 1513 2023 2033 2163 2169 2179 2180 2194 
0:1314 1513 1947 1958 1964 1982 2023 2033 2169 
0:1314 1495 1513 1947 1958 1964 1982 2023 2033 
0:1526 2949 3626 3902 3999 4000 4001 4003 
0:1735 1866 2918 3720 3721 3722 3723 3724 
0:1089 1445 2402 3147 3154 3158 3159 3160 
24:366 458 1325 2404 2405 2406 2407 2408 
0:2340 2341 3442 4054 4055 4056 4057 4058 
0:272 434 435 436 437 438 439 440 
25:2397 3161 3162 3163 3164 3165 3166 3167 
26:72 646 2074 2786 3218 3219 3220 3221 
27:430 592 1010 2269 3145 3578 3579 3580 
0:718 1660 1972 2481 2492 2827 2828 2829 
2:1 182 336 1376 2408 3696 3697 3698 
28:2819 2999 3000 3001 3002 3003 3004 3005 
2:1433 1880 2991 2993 2994 2995 2996 2997 
29:1577 3216 3518 3519 3520 3521 3522 3523 
30:821 887 1230 1443 1444 1445 1446 1447 
31:446 560 561 567 568 570 571 573 
2:1016 1081 1082 3509 3510 3511 3512 3513 
0:140 835 1710 1768 1782 1824 2306 2307 
19:1396 1397 1398 1399 1400 1401 1402 1403 
15:541 630 631 632 633 634 636 637 
32:107 204 624 1664 2955 3206 3433 3434 
0:38 297 317 3042 3043 3044 3045 3046 
15:540 544 636 638 742 1085 3222 3223 
0:27 28 29 30 31 32 33 34 
2:570 1376 1676 3322 3759 3763 3764 3765 
33:983 1595 3294 3295 3296 3297 3298 3299 
0:680 1604 1605 2162 2242 2762 2772 2775 
0:1382 1863 1864 1867 1871 1872 1873 1874 
0:1604 2238 2745 2746 2747 2749 2750 2751 
0:752 1185 1493 1609 1692 2589 2591 2592 
0:294 326 2579 2891 2893 2904 3556 3557 
0:1891 1915 2242 2351 2352 2353 2354 2355 
8:207 208 211 213 214 216 219 220 
0:823 2046 2047 2048 2685 2688 2691 2692 
34:1665 1666 1667 1668 1669 1670 1671 1672 
35:557 1137 1410 1679 1680 1681 1682 1683 
0:83 241 245 478 2335 2392 4135 4136 
0:1884 2724 2725 2726 2727 2728 2729 2730 
0:1944 2002 2137 2551 2814 3123 3124 3125 
0:1956 2082 2096 2233 2359 2508 3108 3109 
0:2042 2214 2217 2218 2221 2222 2223 2225 
2:98 855 862 865 2288 2289 2290 2291 
0:1950 2083 2376 3407 3408 3409 3410 3423 
2:1842 1843 1852 2252 2255 2256 2257 2258 
2:55 889 897 1344 2060 2062 2063 2064 
0:985 1006 2080 2084 2089 2514 2807 2810 
0:1382 1873 1993 1994 2027 2461 2839 3945 
0:1488 1493 1506 1507 1517 1529 1530 1531 
0:2244 2297 3128 3135 3136 3137 3139 3141 
0:758 759 761 853 2162 2586 2770 2771 
0:1661 2403 2474 2503 2712 2713 2872 2933 
0:264 265 266 272 275 277 280 281 
0:1706 1742 1767 1784 1816 1826 1828 2038 
2:857 865 866 1270 2288 2290 2291 2393 
2:333 335 339 343 346 1068 1116 1354 
0:73 75 76 78 80 81 82 84 
0:74 75 77 80 81 82 84 228 
0:1895 1901 1910 1919 1930 2922 2931 2938 
0:823 2044 2046 2047 2048 2688 2691 2692 
0:1317 2114 2142 2176 2182 2183 2200 2251 
0:10 11 13 264 265 266 272 277 
0:290 298 315 316 326 2837 3006 3007 
0:311 662 663 664 665 2523 2524 2531 
0:948 976 979 993 994 996 1002 1004 
0:1529 2629 2778 3487 3492 3496 3498 3502 
0:2629 2636 2778 3487 3492 3496 3498 3502 
0:482 488 504 509 510 516 517 520 
0:1724 1744 1749 1766 1794 1804 1836 2557 
0:1873 1940 1970 1993 1994 2003 2027 2461 
0:284 289 297 317 745 1693 1694 1697 
0:1103 1992 2118 2132 2133 2134 2137 2138 
0:285 304 310 311 320 321 1691 2532 
0:1919 1930 2228 2229 2240 2871 2872 2874 
0:1883 1955 1964 1982 2023 2029 2033 2231 
0:1883 1947 1955 1982 2029 2232 2234 2242 
0:1491 1496 1501 1510 1519 1525 1531 2361 
0:1491 1492 1496 1501 1510 1519 1525 2362 
0:1491 1494 1496 1501 1510 1519 1525 2370 
0:285 293 304 305 311 320 321 2528 
0:285 293 304 311 320 321 2525 2528 
0:285 304 310 311 314 320 321 2532 
0:284 289 293 297 317 1693 1694 1697 
0:285 293 304 311 317 320 321 2525 
0:1992 2118 2132 2133 2134 2142 2189 2200 
0:1314 2142 2163 2175 2176 2179 2180 2188 
0:959 963 965 966 967 968 970 2813 
0:1317 1938 1954 1959 1978 1992 2012 2200 
0:1317 1954 1959 1978 1992 2114 2142 2200 
0:1938 1954 1959 1978 1992 2012 2132 2200 
0:1314 1936 2160 2163 2174 2179 2180 2193 
0:1314 1936 1960 1964 1996 2023 2033 2194 
0:1314 1947 1958 1977 1982 2083 2086 2142 
0:1977 2085 2101 2102 2105 2107 2137 2138 
0:610 1662 1883 1907 1942 1950 1986 2033 
36:1484 3673 3832 3833 3834 3835 3836 
36:1277 1484 3834 3835 4019 4020 4021 
37:321 2941 2942 2943 2944 2945 2946 
38:88 3778 3779 3780 3782 3783 3784 
39:255 472 629 938 2345 2347 2348 
0:1221 1227 1231 3392 3549 3550 3551 
40:86 87 88 89 90 91 92 
41:1432 1581 1591 1878 3755 3795 3796 
0:1936 2142 2189 2245 2463 2466 2471 
0:1510 2522 3488 3637 3681 3682 3683 
2:367 446 559 562 563 564 569 
8:1043 1044 1045 1046 1047 1049 1050 
42:1052 1373 1378 1471 2923 2924 2926 
43:438 546 547 548 549 555 557 
44:101 547 605 606 607 608 615 
0:161 162 163 1109 1110 1111 1112 
0:164 168 1109 1110 1111 1113 1114 
45:1117 3325 3326 3327 3328 3329 3330 
0:155 1132 1133 1134 1135 1136 1137 
2:923 924 942 1015 1016 1017 1018 
2:1302 2154 3023 3761 3762 3976 3977 
46:3191 3192 3193 3194 3195 3569 3570 
47:1195 1197 3365 3366 3368 3369 3371 
47:781 1191 1194 1195 1197 1198 1199 
39:471 540 2345 2346 2348 2349 2350 
48:846 869 870 871 872 873 874 
0:7 19 20 21 22 23 26 
8:209 212 359 2666 3132 3133 3134 
2:495 883 2062 3758 3964 3967 3968 
0:308 686 2788 2789 2790 2791 2792 
0:1995 2039 2040 2042 2225 3234 3235 
2:1352 1354 1635 3021 3056 3229 3230 
0:155 612 1827 2054 2309 2310 2314 
2:897 935 1344 1359 1360 1361 1362 
0:140 593 794 1829 2443 3996 3997 
0:1422 1423 1424 1425 1426 1427 1428 
49:1710 2301 2302 2303 2304 2305 2308 
50:802 803 805 806 807 808 809 
0:679 2755 2824 3169 4008 4010 4011 
51:87 795 796 798 799 800 801 
0:2082 2233 2505 2506 2507 2508 2509 
0:298 2773 2777 2782 3826 4014 4015 
0:298 323 2773 2777 2782 3826 4015 
0:1716 1807 2861 2862 2863 2864 2865 
0:17 119 1098 1594 1595 1596 1597 
2:1606 1648 1650 1651 1652 1653 1654 
52:187 3102 3103 3104 3105 3106 3107 
0:1918 3135 3137 3138 3140 3142 3143 
0:1689 1702 1703 2902 2903 2904 2905 
53:939 940 941 942 943 944 945 
0:1699 1701 2320 2575 2890 3554 3555 
0:2081 2082 2099 2178 2913 2914 2915 
0:167 734 735 736 737 738 739 
0:2649 2766 3086 3087 3088 3089 3091 
0:185 677 1858 2143 3533 3535 3537 
0:1730 2155 2156 2157 2158 2159 2160 
0:323 689 764 1531 2571 2792 3564 
0:671 672 673 674 675 677 680 
0:603 1510 1657 1800 2233 2776 3057 
54:89 1768 3055 3169 3882 3883 3884 
7:62 63 64 65 67 68 69 
55:3010 3011 3012 3014 3015 3016 3017 
2:1016 1018 1081 1082 3509 3511 3512 
0:2521 2630 2878 2904 3211 3213 3216 
0:1655 1657 1658 1659 1660 1661 1664 
0:125 305 683 2889 2892 2893 2894 
0:44 46 49 51 54 55 56 
0:287 288 299 300 323 2533 2534 
0:287 288 299 300 301 323 2534 
0:557 1736 2375 2711 2712 2713 2714 
0:158 159 161 162 163 164 165 
0:161 162 163 164 1109 1110 1111 
0:127 510 516 517 520 601 1098 
0:2650 2651 2653 2654 2655 2657 3517 
0:74 77 82 83 229 241 245 
0:125 305 683 2654 2889 2892 2893 
2:857 865 866 1270 2393 2395 2396 
0:1783 1805 1830 1835 2762 3116 3128 
0:966 993 996 1002 2807 2810 2886 
0:286 319 323 2834 2835 2836 2837 
2:855 862 865 866 2288 2290 2291 
0:323 2761 2773 2777 2778 2779 2782 
0:323 2761 2778 2779 2780 2781 2782 
0:1884 1901 1930 2725 2726 2727 2730 
2:1068 1069 1070 1072 1075 1116 1354 
0:74 77 79 80 81 82 242 
0:74 77 80 81 82 228 242 
0:1993 1994 2044 2046 2055 2056 3121 
2:856 857 865 866 867 1270 2393 
0:3473 3474 3475 3478 3479 3651 3655 
2:261 855 856 862 865 866 867 
2:855 862 865 866 867 2288 2291 
0:296 309 313 3473 3474 3475 3479 
0:269 502 513 514 515 520 601 
0:823 2044 2046 2047 2048 2057 2691 
0:15 25 269 502 513 514 515 
0:298 315 316 323 326 2837 3564 
0:1660 1930 2228 2866 2871 2872 2874 
0:28 29 31 298 315 316 326 
0:1660 1930 2469 2871 2872 2874 2937 
0:985 987 993 994 996 1004 2810 
0:1688 1691 1693 1694 1695 1697 2636 
0:756 3480 3487 3492 3496 3498 3502 
0:311 1691 2523 2524 2531 2532 3480 
0:1720 1772 1773 1796 1814 1827 2057 
0:1796 1809 1814 1827 1994 2053 2054 
0:835 1733 1734 1796 1814 1827 2052 
0:1662 1947 1950 1986 1989 2484 2564 
0:1314 1662 1947 1950 1989 2083 2493 
0:770 1479 1662 1947 1950 1989 2557 
0:1662 1947 1950 1982 1989 2083 2501 
0:121 122 126 129 133 134 242 
0:1883 1933 1938 1955 1982 2029 2082 
0:1513 1964 1982 2023 2033 2169 2231 
0:1936 1954 1959 1978 1996 2012 2245 
0:1314 1954 1959 1978 2117 2142 2247 
0:2181 2182 2183 2185 2189 2200 2204 
0:1314 1513 1964 2023 2033 2169 2194 
0:1314 1317 1947 1958 1982 2142 2176 
0:1977 2083 2086 2101 2102 2105 2142 
0:1314 1495 1513 1515 1947 1958 1982 
0:1718 1732 1744 1761 2428 2438 2440 
0:610 1883 1930 1955 1982 2020 2029 
0:610 1883 1919 1930 1955 1982 2029 
0:610 1317 1883 1919 1955 1982 2029 
56:476 3385 3386 3387 3388 3389 
57:1859 2685 2686 2687 2689 2690 
58:578 2265 2266 2267 2268 2270 
0:2642 2646 2803 2804 2973 2974 
59:1049 2621 3838 3839 3840 3841 
60:2223 3080 3081 3082 3083 3084 
46:3191 3195 3434 3568 3569 3570 
0:35 684 686 687 688 689 
0:2798 2799 3595 3596 3597 3598 
2:815 2252 2253 2254 2256 2259 
0:132 2184 2342 3441 3442 3443 
61:1550 3505 3954 3955 3958 3959 
62:2316 3843 3913 3936 3937 3938 
63:1393 1395 3912 3913 3915 3916 
64:1539 1840 2703 2720 2721 2722 
65:1542 1543 1544 1545 1546 1547 
55:1348 1552 3012 3014 3015 3016 
66:893 2850 3041 3730 4179 4180 
0:53 56 974 1011 1012 1013 
67:365 1440 1580 1582 1583 1586 
68:1544 1585 3224 3225 3226 3227 
0:1959 2246 2248 3095 3096 3097 
69:644 727 730 731 732 733 
0:2610 2611 3611 3612 3613 3614 
15:728 741 3223 3689 3691 3692 
15:539 540 541 542 544 545 
70:46 446 565 566 572 574 
71:730 2988 3610 4097 4098 4099 
0:1185 1607 1608 1609 1611 1612 
0:1185 1608 1609 2572 2573 2584 
2:1116 1621 1632 1633 1635 1636 
72:2212 3466 3467 3468 3469 3470 
2:1265 1267 2289 2395 2396 3113 
0:1660 1930 2202 2469 2937 4033 
73:283 849 1062 1063 1064 1065 
0:2160 2163 2174 2193 2909 2910 
0:26 1135 1835 2044 3129 3130 
74:2534 2895 2896 2897 2898 2900 
75:249 1126 1128 2906 2907 2908 
76:206 219 250 251 254 257 
77:41 139 844 915 918 919 
78:172 173 174 175 176 177 
0:616 1932 2034 2035 2036 2037 
79:109 2703 3189 3256 3257 3258 
80:2739 2740 2741 2742 2743 2744 
0:2130 2197 2801 2855 3596 3929 
0:876 877 1947 2083 3203 3204 
14:1026 1027 1028 1029 1030 3360 
7:63 64 107 3338 3339 3340 
2:1114 3240 3334 3335 3336 3337 
0:2612 2886 2887 3482 3744 3855 
73:850 1062 1320 1321 1322 1323 
81:1526 2951 3865 3866 3867 3868 
0:185 1449 1735 2714 2921 3719 
82:1863 1865 1866 1868 1869 1870 
19:1403 2962 2964 3876 3877 3878 
83:1300 1301 1302 1303 1304 1305 
0:1963 1980 2023 3822 3823 3824 
84:1449 2215 2400 2401 2402 2403 
42:1371 1374 1375 1376 1377 1378 
0:2652 2653 2654 2656 2892 4089 
0:157 1446 3210 3211 3212 3213 
85:950 1476 3181 3199 3200 3201 
0:1982 2030 2297 2696 3136 3810 
46:3190 3191 3192 3193 3194 3195 
46:3192 3193 3194 3569 3570 3837 
0:589 2096 2547 3630 3631 3632 
0:660 661 662 663 664 665 
2:362 450 597 598 599 600 
2:1017 1018 1081 1082 3728 4102 
0:30 326 3073 3074 3075 3078 
0:30 3073 3074 3075 3076 3078 
0:32 3077 3560 3561 3562 3564 
0:185 1735 3534 3536 3720 3723 
2:599 1016 1018 3509 3511 3512 
2:924 1016 1017 1018 1081 1082 
0:1718 1724 1735 1740 1794 2918 
0:161 164 168 1109 1110 1111 
0:29 32 3560 3561 3562 3564 
0:3287 3288 3289 3348 3349 3356 
0:2650 2651 2653 2655 3088 3517 
0:2113 2114 2202 2251 2875 2911 
0:993 2807 2810 2885 2886 2887 
0:2649 2650 2651 2653 2655 3088 
15:541 630 631 632 633 635 
15:541 631 632 633 636 742 
0:1873 1993 1994 1999 2027 3945 
0:1796 1994 2052 2053 2054 2838 
0:1796 1809 1994 2053 2054 2838 
0:1742 1767 1816 1826 2038 3116 
2:865 1265 1267 1270 2395 2396 
2:865 1265 1267 2289 2395 2396 
0:290 319 323 2837 3008 3009 
0:290 2837 3006 3007 3008 3009 
0:993 1002 2807 2810 2885 2886 
2:855 856 862 865 866 2290 
0:51 152 1492 1515 2553 2784 
0:293 294 305 326 2891 2893 
0:1317 1910 1919 2922 2931 2938 
0:323 2761 2769 2778 2779 2781 
0:323 758 759 761 2162 2771 
0:752 2592 3471 3476 3477 3478 
0:2142 2163 2176 2182 2183 2251 
0:8 9 12 18 24 263 
2:261 856 857 865 866 867 
2:261 857 859 865 866 867 
0:121 127 510 516 517 601 
0:121 484 510 516 517 601 
0:677 1133 1505 1510 1957 2486 
0:1901 1930 2866 2871 2872 2874 
0:1306 1314 1982 2479 2488 2499 
0:1736 2494 2501 2556 2562 2569 
0:718 1658 1659 1660 1930 2228 
0:993 994 996 1002 1004 2810 
0:284 289 297 323 745 1698 
0:284 289 297 314 1688 1695 
0:284 289 297 304 314 1688 
0:284 289 297 304 1688 1691 
0:993 999 1002 1021 2278 2281 
0:24 25 482 488 504 509 
0:482 488 496 500 504 509 
0:140 673 1778 3787 3788 3789 
0:823 835 1796 1814 1827 2052 
0:1307 1308 1309 1312 2085 2107 
0:1492 1500 1505 1509 1514 2484 
0:1662 1950 2083 2084 2098 2564 
0:284 289 297 317 323 745 
0:323 751 755 756 764 1531 
0:311 323 751 755 756 1531 
0:1101 1102 1103 1938 2085 2107 
0:1691 1693 1694 1697 2525 2636 
0:718 1883 1955 1972 1982 2029 
0:2082 2232 2233 2234 2242 2359 
0:1883 1915 1919 1930 2230 2242 
0:1510 1659 2232 2233 2234 2242 
0:1947 1982 2179 2232 2234 2242 
0:1510 2232 2233 2234 2242 2359 
0:1510 1947 2162 2179 2242 2361 
0:1883 1891 1915 1919 1930 2242 
0:1936 1954 1959 1978 2142 2245 
0:1314 1954 1959 1978 2012 2247 
0:293 305 310 314 317 2636 
0:1314 1317 1936 2142 2182 2183 
0:1314 1317 2142 2176 2182 2183 
0:1102 1664 2079 2083 2086 2090 
0:1510 1513 1515 1529 1531 2162 
0:1510 1513 1515 1947 2162 2179 
0:1314 1947 1951 1958 1982 2164 
0:1314 1947 1958 1982 1994 2173 
0:2083 2086 2089 2105 2108 2177 
0:1314 1947 1958 1982 2030 2177 
0:140 1732 1744 1761 1829 2443 
0:610 1317 1883 1908 1910 1919 
0:1317 1910 1919 2931 2936 2938 
6:1233 1235 1238 1240 1249 
86:2846 3749 3873 3874 3875 
87:1116 1233 1243 1252 1254 
88:1073 3154 3155 3156 3157 
89:1254 2846 2847 3978 3979 
0:978 982 1004 2741 2888 
90:1087 1088 1089 1090 1091 
0:616 2173 2230 3604 3605 
0:183 184 185 186 187 
0:1664 2339 2340 2341 2342 
8:210 218 394 2337 2338 
91:2815 3969 3970 3971 3972 
92:2149 3114 3981 3982 3983 
93:1795 2285 3528 3530 3531 
6:432 442 722 723 724 
0:1492 2091 2092 2108 2783 
0:1999 2688 2692 3945 4120 
94:1556 1653 3308 3939 3940 
95:354 355 356 357 358 
96:3642 3643 3645 3646 3647 
97:538 615 4070 4072 4073 
98:938 3991 4208 4209 4210 
99:1854 1856 1857 1858 1859 
100:847 1275 1473 3617 3618 
0:1748 1752 1834 1854 1855 
0:2031 2048 3595 3705 3706 
2:903 1271 1277 1278 1279 
0:3286 3287 3288 3289 3290 
0:2654 2657 3288 3517 3984 
0:2020 2730 2920 2921 4117 
101:716 1374 1550 3750 3751 
0:1480 2566 3170 4112 4115 
0:2869 2870 2921 3270 3274 
0:495 2282 2644 3965 3966 
102:2754 2772 3151 3152 3153 
103:1039 1092 1093 1094 1095 
13:2668 2669 2670 2671 2672 
0:2921 3267 3268 3269 3270 
104:1791 1965 3565 3566 3567 
78:126 176 1682 3265 3266 
0:1489 1515 1525 1685 1686 
105:3745 3746 3747 3748 3749 
106:2399 3172 3173 3174 3175 
0:1728 1750 1771 1825 3594 
0:134 242 1220 4175 4176 
0:1915 2230 2719 2947 2949 
107:71 1537 1538 1539 1540 
108:2034 2123 3892 3893 3894 
0:1937 2364 2747 2793 2794 
109:2641 2643 2644 2645 2647 
110:268 712 713 714 715 
0:1800 2776 3038 4074 4075 
0:496 500 3992 3993 3994 
0:3454 3458 3459 3460 3462 
111:41 558 1076 1077 1078 
112:1540 3020 3021 3022 3023 
113:1366 1915 4167 4168 4169 
7:648 649 3339 3340 3906 
114:198 199 200 201 202 
115:221 222 223 225 226 
116:1038 1039 1040 1041 1042 
109:2643 2644 2645 3817 3928 
117:250 252 253 255 256 
16:461 470 626 627 628 
26:2068 2069 2070 2074 2075 
15:206 728 3692 3694 3695 
2:926 929 930 931 932 
0:2352 2353 3254 3741 3742 
118:3538 3620 3621 3717 3718 
0:1782 2459 3732 3733 3734 
119:1232 2743 3930 3931 3933 
120:1598 1599 1600 1601 1602 
121:292 3185 3186 3187 3188 
26:2068 2069 2070 2071 2072 
26:2068 2069 2070 2072 2074 
0:2230 2496 2566 3453 3456 
122:1429 1430 1431 1432 1433 
0:1631 1752 1891 1915 3624 
0:2236 3423 3457 3462 4124 
0:671 676 678 679 681 
123:1476 2928 2985 3331 3333 
0:24 270 983 2271 2272 
124:1451 1452 1453 1454 1456 
20:666 667 668 669 670 
0:1947 2563 2566 3398 3400 
0:85 477 478 479 481 
125:2272 2830 2831 2832 2833 
0:1873 2027 2461 3946 3947 
126:2016 3948 3949 3950 3951 
50:802 803 804 805 806 
127:2844 3076 3365 3367 3370 
128:1476 2969 2970 2971 2972 
0:786 2333 2966 2967 2968 
2:360 361 362 367 376 
19:1402 1403 2962 3346 3873 
0:242 487 2742 3114 3115 
129:886 2126 2205 2209 2210 
130:1929 2157 2205 2206 2207 
2:1632 1636 2986 3200 3324 
39:259 350 471 472 473 
2:369 931 932 1653 3056 
0:1610 1700 3502 3638 3639 
0:2416 2428 2432 2440 2919 
0:2416 2428 2432 2919 3184 
44:608 1005 1006 1007 1010 
2:897 2060 2061 2063 2067 
131:1039 1054 1055 1056 1058 
0:275 280 281 3202 3325 
0:1040 1100 1101 1102 1103 
0:993 1004 1041 2095 2217 
0:186 1972 2033 2472 4083 
0:1936 2142 2180 2189 2463 
0:2496 3454 3455 3458 3459 
2:597 598 599 600 1016 
2:1650 1652 1653 1654 3056 
0:1192 1792 2230 3625 3626 
0:28 29 30 31 326 
15:540 541 542 544 742 
15:540 541 544 636 742 
0:1495 1505 1514 1518 3171 
0:1706 1784 1822 1828 2042 
0:732 2548 2597 2616 3744 
0:2163 2251 2307 2911 2912 
0:83 229 241 245 2335 
0:1994 1999 2688 2692 3945 
0:1993 1994 2053 2054 2839 
0:835 1733 1796 2052 2838 
0:835 1733 1796 1809 2838 
0:835 1706 1784 1828 2041 
0:770 1479 1836 2557 2570 
0:298 319 323 2837 3826 
2:865 2288 2289 2291 2396 
0:985 993 996 2807 2810 
0:985 993 2080 2807 2810 
0:1185 2537 2572 2573 2584 
0:1309 1310 1312 1314 2019 
2:1842 1843 1845 1852 2255 
0:314 2532 2540 2541 2636 
0:1895 2174 2922 2931 2938 
0:672 673 677 1510 1531 
0:1100 1101 1102 2079 2090 
0:2611 3612 3613 3651 3655 
0:2163 2182 2183 2202 2251 
0:2114 2182 2183 2202 2251 
0:306 752 1696 3652 3654 
0:752 3651 3652 3654 3655 
0:752 1696 3471 3476 3477 
0:11 13 15 25 269 
0:152 1492 1505 2479 2491 
0:1505 2479 2480 2484 2491 
0:1505 2479 2484 2491 2493 
0:677 1505 1510 1531 2486 
0:1133 1495 1505 1510 1957 
0:1660 2114 2186 2202 2875 
0:2023 2033 2194 2202 2854 
0:747 749 754 763 3845 
0:311 1531 2768 3483 3494 
0:1964 1986 2023 2033 2760 
0:673 677 1505 1510 1531 
0:2479 2488 2493 2499 2501 
0:726 1938 1964 2023 2033 
0:1306 1309 1312 1314 1982 
0:747 749 750 754 3352 
0:984 987 993 996 3150 
0:284 289 297 301 1703 
0:284 289 297 306 1696 
0:310 311 1691 2532 3480 
0:748 758 759 761 2586 
0:748 751 755 756 2588 
0:1948 1993 1994 2031 2048 
0:1796 1814 1827 1835 2044 
0:301 306 317 323 752 
0:124 132 1307 1309 1312 
0:120 125 132 1938 2109 
0:1691 2525 2528 2532 2636 
0:1947 1982 2162 2179 2242 
0:2132 2142 2189 2200 2245 
0:1936 1996 2183 2189 2245 
0:2142 2183 2189 2200 2245 
0:1936 2142 2183 2189 2245 
0:1314 1936 1992 2142 2189 
0:2142 2182 2183 2189 2200 
0:2114 2182 2183 2186 2202 
0:1930 2202 2469 2852 2937 
0:1513 2128 2142 2143 2169 
0:2083 2086 2105 2142 2177 
0:2030 2089 2105 2108 2177 
0:1317 1908 1910 1919 2936 
0:610 1883 1901 1930 2020 
132:3 442 446 558 
133:113 114 115 116 
134:246 247 248 249 
135:100 349 351 353 
136:445 1590 1591 1593 
137:546 552 553 554 
138:575 576 578 579 
139:617 618 619 620 
140:702 703 704 705 
0:152 768 769 770 
141:840 841 1459 1460 
142:843 1485 3010 3013 
143:148 852 853 854 
144:902 904 905 907 
145:905 1615 1616 1619 
146:911 912 913 914 
147:933 935 936 938 
148:604 733 1048 4255 
149:103 924 1079 1080 
150:442 1106 1107 1108 
75:1125 1126 1128 1129 
0:130 485 1188 1256 
0:1191 1192 1193 1196 
2:1261 1262 1271 1272 
151:1353 3697 3699 3700 
152:828 1363 1364 1365 
153:1235 1367 1368 1369 
154:929 1384 1385 1386 
155:128 1448 1449 1450 
156:1465 1615 1617 1618 
6:363 1463 1465 1471 
5:363 364 1466 1468 
19:1400 1401 1483 1643 
157:1533 1534 1535 1536 
158:368 1551 1553 1554 
159:1554 2984 3260 3704 
160:1561 1564 1565 1566 
161:365 1581 1587 1588 
162:931 1588 3851 3852 
163:1623 1625 1626 1627 
164:1637 1638 1639 1640 
165:1455 1638 3308 3309 
166:1640 4141 4142 4143 
167:1640 4066 4067 4068 
0:1655 1656 1662 1663 
168:930 1602 1673 1674 
169:1820 1860 1861 1862 
2:1875 1878 1879 1880 
129:2205 2208 2210 2211 
0:968 2260 2261 2262 
170:2309 2311 2312 2313 
171:2344 4215 4217 4218 
172:2078 2510 2511 2512 
173:2511 3119 3120 3122 
0:2513 2514 2515 2516 
174:2673 2681 2682 2683 
175:1351 2067 2704 2705 
176:1838 2706 2707 2708 
177:2434 2711 2715 2716 
0:1492 2362 2767 2785 
0:2519 2876 2877 2878 
0:301 2241 2534 2899 
0:1718 2440 2917 2919 
178:2947 2948 2950 2951 
179:1836 2952 2953 2954 
180:2482 3058 3059 3060 
181:3071 3435 3436 3437 
0:2583 2891 3112 4046 
182:2279 3197 4153 4154 
183:516 3207 3208 3209 
184:2881 3215 3424 3425 
185:2254 3231 3232 3233 
186:3236 3237 3238 3239 
187:3252 4126 4127 4128 
2:1075 1116 1354 3261 
0:2465 3267 3268 3271 
0:2246 2921 3274 3276 
0:2935 3278 3279 3280 
188:2028 3281 3282 3283 
189:3124 3372 3373 3374 
190:2029 3050 3449 3450 
0:2496 3463 3464 3465 
191:3524 3525 3526 3527 
93:3528 3529 3530 3531 
192:2599 2990 3547 3548 
193:3573 3574 3576 3577 
194:458 3601 3602 3603 
195:936 1541 3606 3607 
196:2230 3627 3628 3629 
197:69 3642 3644 3648 
198:1730 3656 3657 3658 
199:3661 3662 3664 3665 
200:2686 3669 3889 3891 
2:336 1074 3701 3703 
201:3735 3736 3737 3738 
0:167 193 194 3739 
202:2255 3766 3767 3768 
0:1209 1231 3773 3774 
203:2145 2631 3775 3776 
0:1520 1521 2604 3807 
204:2994 3022 3808 3809 
205:3811 3812 3813 3814 
206:3828 3829 3830 3831 
207:1834 2109 3869 3870 
208:1803 3886 3887 3888 
209:3895 3896 3897 3899 
210:1160 3900 3901 3902 
211:3912 3914 3917 3918 
0:323 764 3919 3920 
212:3921 3922 3923 3924 
213:2282 3001 3952 3953 
59:1049 3839 3841 3986 
0:2366 2368 2818 4023 
214:3539 4024 4034 4035 
215:890 3257 3680 4027 
216:3677 3698 4031 4032 
217:1090 4037 4038 4039 
0:2196 2940 3176 4047 
218:778 4076 4077 4196 
219:53 4092 4093 4161 
0:2920 2921 4116 4117 
0:137 2285 2286 4133 
54:3883 3884 4163 4164 
220:320 1129 4170 4171 
221:2691 3536 4192 4193 
222:731 4202 4203 4204 
223:138 2657 2908 4237 
224:888 3165 4248 4249 
225:809 3933 3993 4259 
226:1319 1566 1657 3056 
227:365 903 1274 1275 
0:3137 3138 3142 3815 
0:2515 3147 3430 3431 
228:368 3680 3754 3755 
0:2828 3279 3280 3619 
0:2828 3279 3461 3619 
0:1987 2496 3279 3464 
0:1314 1316 1317 1319 
229:217 3956 3957 4241 
0:2578 2583 2585 4046 
230:928 1555 1556 1557 
2:346 1115 1116 1117 
231:645 1370 3685 4022 
75:1126 1128 1129 2907 
232:552 917 1086 2824 
233:906 2259 3680 4018 
234:1438 2301 2603 3290 
0:224 284 853 1703 
5:363 899 1462 1476 
0:1900 1936 2469 2470 
0:1936 2464 2469 2470 
6:1122 1233 1235 1236 
131:1055 1056 1058 1086 
0:1718 2428 2440 2919 
0:1494 1993 3119 3121 
2:878 923 924 925 
2:334 336 574 1376 
2:200 878 879 880 
42:1371 1372 1373 1377 
42:1371 1373 1377 1378 
0:156 1505 3171 3907 
0:2251 2436 2472 4083 
0:1510 3353 3682 3683 
0:546 550 551 556 
0:3454 3457 3458 3462 
0:2236 3457 3458 3462 
0:2236 3458 3459 3462 
39:471 472 2345 2348 
39:2345 2346 2347 2348 
0:2340 2341 2342 3442 
235:176 2183 2226 2241 
0:2798 2799 2801 3596 
0:29 30 326 3074 
0:272 280 281 440 
0:272 281 439 440 
0:28 31 32 285 
0:1506 1507 1531 3491 
0:1514 2752 2755 3169 
2:3023 3753 3761 3762 
0:2163 2202 2251 2911 
0:2474 2476 2872 2933 
0:966 1001 1002 2884 
0:323 2766 3087 3091 
0:786 789 794 2333 
0:83 789 2335 2392 
6:363 723 1245 1463 
15:630 636 637 638 
15:630 637 638 639 
15:630 635 638 639 
0:1192 1193 1495 1510 
0:2469 2473 2495 2874 
0:2469 2473 2476 2874 
15:636 637 638 1085 
0:167 169 193 194 
0:323 752 2591 2592 
0:1609 2591 2592 3033 
2:865 2289 2290 2395 
0:1510 1956 2233 2359 
0:301 1703 2611 3067 
0:120 298 301 3067 
0:298 301 302 3067 
0:2866 2869 2870 2921 
7:641 642 766 767 
0:1936 1972 2033 2472 
0:1314 2188 2196 3176 
0:1951 1982 2030 2297 
0:1951 1982 2164 2297 
2:856 858 866 1441 
8:209 212 218 2666 
0:1311 1314 1319 2174 
0:1936 2189 2202 2466 
0:672 677 680 2162 
0:1492 1510 1531 2767 
0:1492 1510 2362 2767 
0:1510 2361 2362 2767 
0:296 309 323 2592 
0:2113 2114 2142 2251 
0:306 313 3652 3654 
0:301 313 3651 3655 
0:296 301 309 3478 
0:297 313 317 3042 
0:15 24 121 484 
0:2137 2549 2551 2814 
0:1505 1514 2480 2484 
0:11 13 24 270 
0:1495 1514 1986 2752 
0:1933 1938 1986 2093 
0:152 1492 1505 1515 
0:1907 2033 2202 2854 
0:756 1529 1531 2321 
0:1504 1529 1531 2321 
0:1982 2082 2373 2378 
0:680 1982 2162 2242 
0:2479 2484 2493 2501 
0:1982 2235 2236 2479 
0:1690 1700 3502 3639 
0:1690 1691 1700 3502 
0:323 745 764 1698 
0:745 752 1692 1696 
0:1691 2522 2532 3488 
0:993 2281 2810 3147 
0:1511 1531 2571 2588 
0:2085 2096 2107 2547 
0:2080 2085 2107 2549 
0:1736 1769 1781 2556 
0:323 748 764 2571 
0:1510 1657 1659 2233 
0:1657 1658 1659 2233 
0:1657 1664 1947 2083 
0:1314 1947 2358 2493 
0:317 323 756 2629 
0:323 756 1529 2629 
0:323 756 1529 1531 
0:1103 1495 1938 1992 
0:125 293 2241 2636 
0:125 293 301 305 
0:125 293 301 2241 
0:1658 1659 1664 1982 
0:610 612 1947 2370 
0:1933 1938 2082 2096 
0:1936 2142 2174 2245 
0:2142 2176 2200 2247 
0:1314 1947 2179 2358 
0:1947 2033 2179 2370 
0:293 2525 2528 2636 
0:310 314 2532 2636 
0:293 317 323 2629 
0:293 301 317 2241 
0:293 295 317 2627 
0:993 2080 2810 2813 
0:1907 1930 2202 2852 
0:993 1938 2080 2095 
0:323 1529 1531 2162 
0:2083 2086 2088 2171 
0:2114 2117 2142 2176 
0:1938 2088 2109 2417 
0:1938 2088 2190 2417 
0:140 673 674 1778 
0:1495 1510 1931 1947 
0:1495 1513 1522 2023 
0:610 1883 1913 1951 
0:610 1883 1900 1936 
236:724 1628 1629 
237:1620 3926 3927 
0:1603 1604 1605 
238:365 1584 1589 
239:1259 1578 1579 
240:1561 1562 1563 
241:1383 1559 1560 
242:474 475 476 
243:1548 1549 1550 
244:1487 1543 3944 
245:1481 1482 1483 
0:1478 1479 1480 
246:1243 1457 1458 
247:1439 1440 1442 
248:166 1407 1408 
249:1356 1404 1405 
250:1124 1404 1636 
251:1391 1392 1393 
252:1381 1382 1383 
253:389 1357 1358 
254:1092 1349 1350 
255:1273 1297 1298 
256:143 1295 1296 
257:903 1273 1276 
258:1257 1259 1260 
259:562 1260 1329 
6:1233 1237 1242 
0:1200 1202 1210 
0:124 139 1190 
39:473 524 525 
39:473 524 526 
39:473 526 629 
260:527 529 531 
261:1186 1187 1188 
262:448 1184 1185 
263:1105 1182 1183 
264:799 1130 1131 
265:942 1104 1105 
266:1097 3552 3553 
267:162 1096 1097 
268:1083 1084 1085 
269:1051 1052 1053 
270:1035 1036 1037 
271:1005 1008 1009 
272:908 974 975 
273:933 934 937 
274:926 927 928 
275:920 921 922 
276:915 916 917 
277:817 908 909 
278:691 900 901 
73:848 849 850 
279:816 817 818 
280:813 814 815 
281:260 725 726 
282:717 718 719 
283:455 709 710 
284:112 710 3426 
285:622 707 708 
286:623 624 625 
287:206 621 622 
288:973 3392 4253 
289:317 4246 4247 
290:1050 4235 4236 
291:36 37 38 
292:39 40 41 
293:534 3751 4232 
294:3175 3972 4231 
295:3889 4226 4227 
296:3882 4221 4222 
297:57 60 61 
298:57 58 59 
299:256 1664 4211 
300:2308 4206 4207 
301:2715 3942 4205 
302:70 71 72 
303:4117 4197 4198 
304:2715 4182 4183 
305:3917 4177 4178 
161:1587 1588 4174 
30:887 1446 4160 
0:3414 3415 4159 
306:570 1103 4155 
307:3935 4148 4149 
308:3235 4145 4146 
309:4 5 6 
310:4045 4048 4138 
311:2005 2693 4137 
312:3355 3757 4129 
313:4112 4113 4114 
314:2057 4110 4111 
315:1123 4108 4109 
316:3443 4005 4106 
317:142 143 144 
318:899 4100 4101 
319:3331 4095 4096 
219:4091 4093 4094 
219:4091 4092 4093 
0:1310 2019 4084 
320:4079 4080 4081 
321:3436 4070 4071 
322:4058 4064 4065 
323:1532 3099 4061 
324:171 2315 2316 
325:557 2898 4050 
326:932 1638 4049 
327:761 3712 4048 
124:179 1452 1453 
328:180 181 182 
329:1853 2066 4043 
330:4040 4041 4042 
330:1271 4040 4041 
331:932 1644 4028 
332:210 4025 4026 
333:137 4008 4009 
334:2901 2903 4007 
335:3126 4004 4005 
336:131 3118 3987 
337:696 3899 3985 
338:1302 3225 3975 
339:1543 3101 3943 
340:3662 3934 3935 
341:1033 3930 3932 
342:3241 3924 3925 
343:3875 3910 3911 
344:221 224 227 
345:3903 3904 3905 
209:3895 3897 3898 
346:1534 2338 3881 
347:1680 3879 3880 
348:3869 3871 3872 
349:3861 3862 3864 
350:2072 3861 3863 
351:2374 3857 3858 
352:6 3439 3440 
353:2046 3853 3854 
354:3264 3842 3843 
0:1527 3801 3802 
0:1499 1527 3801 
355:827 3771 3772 
356:144 639 3740 
357:3112 3707 3708 
358:2708 3701 3702 
359:3617 3688 3689 
360:353 3686 3687 
361:3083 3668 3669 
362:1116 1302 3650 
363:695 3640 3641 
364:792 3633 3634 
365:2921 3622 3623 
0:2336 2968 3581 
366:1690 3573 3575 
367:3568 3571 3572 
368:1065 3553 3843 
78:174 1682 3532 
369:730 1372 3515 
370:1372 2394 3514 
371:2611 3480 3489 
75:1129 2907 3451 
372:2723 3447 3448 
373:3444 3445 3446 
374:2262 3428 3429 
375:1947 3399 3401 
376:124 2219 3397 
377:3084 3394 3395 
378:3390 3391 3393 
378:3390 3391 3392 
379:3375 3376 3377 
0:973 1723 3347 
380:3334 3345 3346 
381:2344 3256 3343 
382:952 3341 3342 
383:2676 3318 3320 
52:187 3104 3301 
384:2762 3292 3293 
385:1754 3284 3285 
386:3275 3276 3277 
387:346 3262 3263 
388:518 3196 3197 
389:3178 3179 3182 
390:1849 3100 3101 
323:1532 3098 3099 
391:3070 3071 3072 
392:3037 3038 3039 
393:561 3024 3025 
394:2102 3018 3019 
395:2659 2976 2977 
396:2275 2955 2956 
397:644 2923 2925 
398:2623 2879 2880 
399:2789 2859 2860 
400:1095 2825 2826 
401:1466 2795 2796 
402:1839 2786 2787 
403:2717 2718 2719 
404:1597 2445 2448 
405:2445 2446 2447 
406:1984 2371 2374 
407:330 944 2292 
2:328 346 433 
408:1935 2243 2244 
26:2068 2071 2073 
409:1707 2058 2059 
2:1875 1876 1877 
410:887 4267 4268 
411:441 443 444 
412:1675 1676 1677 
2:932 1648 1649 
413:1645 1646 1647 
414:456 457 458 
415:532 534 535 
416:116 1623 1624 
417:441 442 445 
418:533 1004 4173 
419:576 592 593 
139:618 619 867 
15:542 702 706 
0:729 875 877 
420:727 728 729 
421:810 845 846 
141:839 841 842 
141:839 840 841 
141:839 840 843 
142:843 1485 3978 
0:875 876 877 
422:904 1384 1387 
2:454 1341 1353 
152:828 1363 1366 
423:1383 1869 3891 
0:1435 1436 1437 
0:1435 1437 1438 
2:858 1439 1441 
424:1465 1613 1644 
425:1536 1538 3680 
426:1599 1613 1614 
2:1875 1876 1880 
2:1876 1880 2996 
427:2060 2065 2066 
129:2205 2208 2213 
0:968 2262 3147 
0:2262 2281 3147 
0:290 307 2859 
428:2282 2567 2975 
429:1736 2515 3079 
430:1077 3159 3236 
431:3242 3250 3252 
432:3259 3262 3264 
0:2868 2873 3275 
118:3282 3620 3621 
433:458 2928 3332 
434:2886 3428 3431 
435:1739 2028 3525 
436:1437 3140 3526 
201:3723 3735 3738 
437:678 1682 3811 
438:1856 3812 4003 
0:2285 3890 4133 
6:724 1477 3942 
214:3539 4001 4024 
439:1586 3749 4026 
218:1216 4076 4077 
0:2792 3501 4078 
440:2757 3457 4123 
0:1382 2027 4146 
0:244 794 4207 
122:1243 1430 1431 
89:2253 2846 2847 
0:1494 2370 3126 
0:1089 3126 3430 
6:1237 1249 1370 
6:1233 1237 1249 
94:374 3308 3940 
441:351 3609 3694 
442:1274 1351 2703 
0:2515 2516 3147 
0:2496 3279 3461 
0:1314 1316 1318 
78:176 3177 3265 
229:3954 3956 3957 
443:2626 2876 3744 
0:1089 3147 3430 
0:2496 3459 3461 
0:2641 2642 2646 
444:712 902 903 
231:1370 1541 3685 
6:723 724 1477 
26:2072 2074 3219 
445:262 902 906 
124:1451 1454 1455 
446:2757 2808 2990 
5:1462 1472 1485 
5:363 1462 1472 
5:363 364 1472 
447:1544 3389 3940 
448:1470 1545 3024 
0:1479 1480 2566 
0:85 167 481 
449:196 2815 3988 
450:123 1021 3988 
0:2333 2336 2968 
451:349 350 352 
129:2205 2209 2212 
6:1233 1236 1239 
6:1233 1238 1239 
58:2265 2266 2269 
452:2154 3056 3958 
39:472 473 629 
2:932 1648 1653 
76:251 254 359 
44:606 608 1005 
453:925 2988 4102 
454:453 880 1351 
2:3240 3241 3336 
73:849 850 1062 
78:174 176 1682 
455:1829 3146 3907 
0:1498 1525 2401 
8:218 1046 1047 
0:3408 3423 3462 
3:389 874 1189 
39:2346 2347 2982 
2:361 362 450 
456:375 1281 1352 
2:361 367 446 
6:723 1244 1484 
2:1606 3240 3241 
457:187 1168 2700 
2:1116 1354 1635 
0:686 689 2792 
0:679 681 2755 
0:1730 1736 2158 
0:1660 1736 2158 
458:126 831 3625 
2:3021 3056 3757 
0:2230 2949 3626 
2:1 336 346 
2:1 262 346 
0:1192 1526 3626 
2:1015 1067 1073 
15:741 742 3223 
0:1531 2792 3501 
0:308 323 2792 
2:1376 3674 3763 
0:2891 3555 3557 
0:1655 1657 1662 
0:2890 2891 3555 
0:993 2214 2217 
0:2236 3407 3423 
0:988 990 2222 
0:1604 2238 2242 
0:2519 2521 2878 
0:83 85 478 
0:2514 2516 2810 
2:336 1066 1074 
0:119 127 1098 
2:1271 1278 3753 
2:1344 2062 3753 
459:2110 2466 2764 
2:3056 3322 3759 
2:883 885 3758 
0:2597 2612 3744 
0:2577 2586 2770 
0:1735 1736 2714 
0:2474 2475 2503 
2:452 454 1341 
6:723 1244 1245 
0:2082 2762 3110 
0:557 2377 2489 
0:835 1736 2375 
0:557 2375 2377 
0:229 244 794 
0:1660 1661 2872 
0:1317 1994 2036 
0:770 1976 2570 
15:635 638 742 
0:2197 2202 2855 
0:1936 1946 2465 
0:3540 3541 3592 
0:2082 2242 2762 
0:2102 2103 2762 
0:2579 2583 2891 
0:1317 2020 2922 
0:56 2814 3305 
0:7 15 23 
0:1100 1664 1982 
0:152 155 1133 
0:152 156 1505 
0:1835 2044 3128 
0:732 2548 2549 
0:823 2250 2691 
0:981 2809 2813 
0:981 1001 2809 
0:1758 1798 3094 
0:132 1938 2184 
0:152 153 770 
0:610 614 1986 
0:184 185 610 
0:311 314 2843 
0:586 590 1938 
0:1510 2768 3352 
0:2080 2106 2760 
0:1513 1514 2760 
0:677 680 2479 
0:674 677 1734 
0:1982 1996 2475 
0:2496 2501 2566 
0:1982 1987 2496 
0:1982 2230 2496 
0:2501 2503 2557 
0:1741 1835 3130 
0:1982 2171 2696 
0:128 130 485 
0:310 323 2778 
0:127 128 520 
0:1804 2557 2561 
0:1510 1657 1947 
0:658 752 2611 
0:1780 1782 2459 
0:135 140 1820 
0:1982 2082 2178 
0:1982 2173 2230 
0:1937 1947 2364 
0:2521 2525 2630 
0:1936 2202 2469 
0:138 140 673 
0:1494 1495 1993 
