0:43 96 140 352 674 825 827 828 832 835 973 1114 1143 1350 1704 1705 1706 1707 1708 1709 1710 1711 1712 1713 1714 1715 1716 1717 1718 1719 1720 1721 1722 1723 1724 1725 1726 1727 1728 1729 1730 1731 1732 1733 1734 1735 1736 1737 1738 1739 1740 1741 1742 1743 1744 1745 1746 1747 1748 1749 1750 1751 1752 1753 1754 1755 1756 1757 1758 1759 1760 1761 1762 1763 1764 1765 1766 1767 1768 1769 1770 1771 1772 1773 1774 1775 1776 1777 1778 1779 1780 1781 1782 1783 1784 1785 1786 1787 1788 1789 1790 1791 1792 1793 1794 1795 1796 1797 1798 1799 1800 1801 1802 1803 1804 1805 1806 1807 1808 1809 1810 1811 1812 1813 1814 1815 1816 1817 1818 1819 1820 1821 1822 1823 1824 1825 1826 1827 1828 1829 1830 1831 1832 1833 1834 1835 1836 
0:153 610 770 1309 1312 1314 1317 1495 1662 1873 1883 1931 1933 1934 1935 1936 1937 1938 1939 1940 1941 1942 1943 1944 1945 1946 1947 1948 1949 1950 1951 1952 1953 1954 1955 1958 1959 1960 1961 1962 1963 1964 1965 1966 1967 1968 1969 1970 1971 1972 1973 1974 1975 1976 1977 1978 1979 1980 1981 1982 1983 1984 1985 1986 1987 1988 1989 1990 1991 1992 1993 1994 1996 1997 1998 1999 2000 2001 2002 2003 2004 2005 2006 2007 2008 2009 2010 2011 2012 2013 2014 2015 2016 2017 2018 2019 2020 2021 2022 2023 2024 2025 2026 2027 2028 2029 2030 2031 2032 2033 
0:1885 1886 1887 1888 1889 1890 1892 1893 1894 1895 1896 1897 1898 1899 1901 1903 1904 1905 1906 1909 1910 1912 1914 1916 1917 1919 1921 1922 1923 1924 1925 1926 1927 1928 1930 2229 2240 2464 2469 2476 2748 2852 2871 2872 2874 2912 2930 2931 2932 2933 2934 2935 2936 2937 2938 2939 2940 
0:1870 1934 1952 1954 1959 1971 1973 1977 1978 1992 2000 2001 2006 2007 2009 2025 2026 2101 2102 2105 2111 2112 2113 2114 2115 2116 2117 2118 2119 2120 2121 2122 2123 2124 2125 2126 2127 2128 2129 2130 2131 2132 2133 2134 2135 2136 2137 2138 2139 2140 2141 2142 2143 2144 2145 2146 
1:379 380 381 382 383 384 385 386 387 388 389 390 391 392 393 394 395 396 397 398 399 400 401 402 403 404 405 406 407 408 409 410 411 412 413 414 415 416 417 418 419 420 421 422 423 424 425 426 427 428 429 
0:184 610 1882 1883 1884 1885 1886 1887 1888 1889 1890 1891 1892 1893 1894 1895 1896 1897 1898 1899 1900 1901 1902 1903 1904 1905 1906 1907 1908 1909 1910 1911 1912 1913 1914 1915 1916 1917 1918 1919 1920 1921 1922 1923 1924 1925 1926 1927 1928 1929 1930 
2:96 476 494 1138 1139 1140 1141 1142 1143 1144 1145 1146 1147 1148 1149 1150 1151 1152 1153 1154 1155 1156 1157 1158 1159 1160 1161 1162 1163 1164 1165 1166 1167 1168 1169 1170 1171 1172 1173 1174 1175 1176 1177 1178 1179 1180 1181 
3:28 31 247 284 285 286 287 288 289 290 291 292 293 294 295 296 297 298 299 300 301 302 303 304 305 306 307 308 309 310 311 312 313 314 315 316 317 318 319 320 321 322 323 324 325 326 
0:584 587 591 1095 1732 1744 1761 2190 2264 2409 2410 2411 2412 2413 2414 2415 2416 2417 2418 2419 2420 2421 2422 2423 2424 2425 2426 2427 2428 2429 2430 2431 2432 2433 2434 2435 2436 2437 2438 2439 2440 2441 2442 2443 2444 
0:138 673 1192 1488 1489 1490 1491 1492 1494 1495 1496 1497 1498 1499 1500 1501 1502 1503 1504 1505 1508 1509 1510 1511 1512 1513 1514 1515 1516 1517 1518 1519 1520 1521 1522 1523 1524 1525 1526 1527 1528 1529 1531 1532 
4:79 80 81 82 230 232 237 239 242 394 487 1200 1201 1203 1204 1205 1206 1207 1208 1209 1210 1211 1212 1213 1214 1215 1216 1217 1218 1219 1220 1221 1222 1223 1224 1225 1226 1227 1228 1229 1230 1231 1232 
0:40 132 1101 1102 1307 1309 1312 1933 1938 1950 1962 1975 1977 2004 2078 2079 2080 2083 2084 2085 2086 2087 2088 2089 2090 2091 2092 2094 2095 2096 2097 2098 2101 2102 2103 2104 2105 2106 2107 2108 2109 
0:1883 1885 1886 1887 1888 1889 1890 1892 1893 1894 1895 1896 1897 1898 1899 1901 1903 1904 1905 1906 1909 1910 1912 1914 1916 1917 1919 1921 1922 1923 1924 1925 1926 1927 1928 1930 2229 2240 
5:24 47 121 122 126 129 133 242 263 482 483 484 486 487 488 489 491 492 493 495 499 500 501 503 504 505 506 508 509 510 511 512 516 517 518 522 523 
0:1885 1886 1887 1888 1889 1890 1892 1893 1894 1895 1896 1897 1898 1899 1901 1903 1904 1905 1906 1908 1909 1910 1912 1914 1916 1917 1919 1921 1922 1923 1924 1925 1926 1927 1928 1930 2936 
0:1885 1886 1887 1888 1889 1890 1892 1893 1894 1895 1896 1897 1898 1899 1901 1903 1904 1905 1906 1907 1909 1910 1912 1914 1916 1917 1919 1921 1922 1923 1924 1925 1926 1927 1928 1930 2852 
0:1885 1886 1887 1888 1889 1890 1892 1893 1894 1895 1896 1897 1898 1899 1900 1901 1903 1904 1905 1906 1909 1910 1912 1914 1916 1917 1919 1921 1922 1923 1924 1925 1926 1927 1928 1930 2469 
6:653 654 655 656 658 659 919 1577 2593 2594 2595 2596 2598 2599 2600 2601 2602 2603 2604 2605 2606 2607 2608 2609 2610 2611 2613 2614 2615 2616 2617 
7:696 766 921 946 947 948 949 950 951 952 953 954 955 956 957 958 959 960 961 962 963 964 965 966 967 968 969 970 971 972 973 
0:1314 1513 1515 1664 1683 1947 1958 1982 2083 2086 2142 2161 2162 2163 2164 2165 2166 2167 2168 2169 2170 2171 2172 2173 2174 2175 2176 2177 2178 2179 2180 
0:1314 1318 1936 1960 1996 2023 2033 2160 2163 2179 2180 2181 2182 2183 2185 2186 2188 2189 2191 2193 2194 2195 2196 2197 2198 2199 2201 2202 2203 2204 
7:959 963 965 966 968 970 980 981 986 987 989 991 992 993 995 996 997 1000 1003 1057 2516 2810 2813 3144 3145 3146 3147 3148 3149 3150 
3:293 317 685 1197 1693 1694 1697 2241 2525 2599 2622 2623 2624 2625 2626 2627 2628 2629 2630 2631 2632 2633 2634 2635 2636 2637 2638 2639 2640 
7:696 948 953 954 955 956 958 960 966 968 972 976 979 980 981 986 989 991 992 993 995 997 998 999 1000 1001 1002 1003 
0:1309 1312 1933 1934 1938 1950 1952 1954 1959 1962 1971 1973 1975 1977 1978 1992 2000 2001 2004 2006 2007 2009 2025 2026 2101 2102 2105 
0:1934 1952 1954 1959 1971 1973 1977 1978 1992 2000 2001 2006 2007 2009 2012 2025 2026 2115 2120 2121 2129 2131 2132 2136 2139 2141 2144 
0:718 1658 1659 1883 1919 1930 1955 1982 2029 2082 2226 2227 2228 2229 2230 2231 2232 2233 2234 2235 2236 2237 2238 2239 2240 2242 
3:151 285 304 311 320 321 663 665 721 1691 2517 2518 2519 2520 2521 2522 2523 2524 2525 2526 2527 2528 2529 2530 2531 2532 
0:612 1491 1496 1501 1510 1519 1525 1947 2179 2232 2234 2242 2357 2358 2359 2360 2361 2362 2363 2364 2365 2366 2367 2368 2369 2370 
7:696 948 953 954 955 956 958 959 960 963 965 966 968 970 972 980 981 986 989 991 992 993 995 997 1000 1003 
0:1309 1312 1933 1934 1938 1950 1952 1954 1959 1962 1971 1973 1975 1977 1978 1992 2000 2001 2004 2006 2007 2009 2025 2026 2030 2105 
5:117 118 119 120 121 122 123 124 125 126 127 128 129 130 131 132 133 134 135 136 137 138 139 140 141 
0:1780 1873 1940 1970 2003 2111 2116 2122 2127 2249 2449 2450 2451 2452 2453 2454 2455 2456 2457 2458 2459 2460 2461 2462 
3:317 323 528 744 745 746 747 748 749 750 751 752 753 754 755 756 757 758 759 760 761 762 763 764 
0:1934 1938 1952 1954 1959 1971 1973 1977 1978 1992 2000 2001 2006 2007 2009 2025 2026 2101 2102 2105 2118 2132 2133 2134 
0:1873 1934 1940 1952 1954 1959 1970 1971 1973 1977 1978 1992 2000 2001 2003 2006 2007 2009 2025 2026 2111 2116 2122 2127 
0:1479 1657 1662 1947 1950 1989 2083 2484 2493 2501 2557 2558 2559 2560 2561 2562 2563 2564 2565 2566 2567 2568 2569 
0:1954 1959 1978 2012 2115 2120 2121 2129 2131 2132 2136 2139 2141 2144 2200 2227 2239 2245 2246 2247 2248 2249 2250 
0:1314 1317 1934 1936 1947 1952 1954 1958 1959 1971 1973 1977 1978 1982 1992 2000 2001 2006 2007 2009 2025 2026 2142 
8:748 1511 1760 2537 2571 2572 2573 2574 2575 2576 2577 2578 2579 2580 2581 2582 2583 2584 2585 2586 2587 2588 
0:823 1796 1814 1827 1948 1993 1994 2043 2044 2045 2046 2047 2048 2049 2050 2051 2052 2053 2054 2055 2056 2057 
0:424 1103 1308 1769 1781 2085 2107 2137 2138 2544 2545 2546 2547 2548 2549 2550 2551 2552 2553 2554 2555 2556 
5:25 128 269 482 485 488 490 494 496 497 498 502 504 507 509 513 514 515 519 520 521 
7:495 552 625 993 999 1021 2273 2274 2275 2276 2277 2278 2279 2280 2281 2282 2283 2284 2285 2286 2287 
3:310 1691 2532 2636 2778 3480 3481 3482 3485 3486 3487 3488 3490 3492 3495 3496 3497 3498 3499 3500 3502 
9:2027 2083 2264 3103 3402 3403 3404 3405 3406 3411 3412 3413 3414 3415 3416 3417 3418 3419 3420 3421 3422 
0:140 1160 1759 1767 1778 1779 1811 1817 3158 3160 3586 3785 3786 3787 3788 3789 3790 3791 3792 3793 3794 
0:1934 1952 1954 1959 1964 1971 1973 1977 1978 1992 2000 2001 2006 2007 2009 2023 2025 2026 2033 2128 2143 
7:948 949 951 961 969 976 977 978 979 982 983 984 985 987 988 990 993 994 996 1004 
10:329 330 331 332 336 338 340 341 342 344 560 1066 1067 1068 1069 1070 1071 1072 1073 1075 
3:284 289 297 745 1688 1689 1690 1691 1692 1693 1694 1695 1696 1697 1698 1699 1700 1701 1702 1703 
7:948 959 963 965 966 968 970 980 981 986 987 989 991 992 993 995 996 997 1000 1003 
0:1954 1959 1978 1992 2114 2115 2118 2120 2121 2129 2131 2132 2133 2134 2136 2139 2141 2142 2144 2200 
7:696 948 949 951 953 954 955 956 958 959 960 961 963 965 966 968 969 970 972 993 
10:327 328 329 330 331 332 333 334 335 336 337 338 339 340 341 342 343 344 346 
0:1761 2088 2171 2190 2410 2413 2415 2417 2418 2420 2422 2424 2429 2431 2441 2443 2694 2695 2696 
0:1318 1704 1712 1714 1721 1729 1751 1769 1770 1774 1775 1776 1784 1785 1786 1787 1789 1790 1813 
0:1934 1938 1952 1954 1959 1971 1973 1977 1978 1992 2000 2001 2006 2007 2009 2012 2025 2026 2132 
0:1314 1934 1952 1954 1959 1971 1973 1977 1978 1992 2000 2001 2006 2007 2009 2025 2026 2117 2142 
0:1934 1944 1952 1954 1959 1971 1973 1977 1978 1992 2000 2001 2002 2006 2007 2009 2025 2026 2137 
0:1317 1934 1952 1954 1959 1971 1973 1977 1978 1992 2000 2001 2006 2007 2009 2025 2026 2114 2142 
4:75 78 80 81 82 84 228 230 231 232 233 234 235 236 237 239 240 243 
11:750 1510 1659 2126 3287 3289 3348 3349 3350 3351 3352 3353 3354 3355 3356 3357 3358 3359 
3:311 662 664 751 755 756 1531 2523 2524 2531 2588 3480 3483 3484 3491 3493 3494 3501 
0:820 821 822 823 825 826 827 828 829 830 831 832 833 834 835 836 837 838 
3:854 1690 3250 3481 3485 3486 3487 3490 3492 3495 3496 3497 3500 3502 3635 3636 3637 3639 
0:1954 1959 1978 2111 2115 2116 2120 2121 2122 2127 2129 2131 2132 2136 2139 2141 2144 2249 
7:948 966 968 976 979 980 981 986 989 991 992 993 995 996 997 1000 1002 1003 
7:948 966 968 976 979 980 981 986 987 989 991 992 993 995 996 997 1000 1003 
7:696 948 949 951 953 954 955 956 958 960 961 966 968 969 972 976 979 993 
12:497 498 550 551 556 580 581 582 583 584 585 586 587 588 589 590 591 
13:1387 1544 1741 3130 3241 3541 3583 3584 3585 3586 3587 3588 3589 3590 3591 3592 3593 
14:1504 1531 1832 2317 2318 2319 2320 2321 2322 2323 2324 2325 2326 2327 2328 2329 2330 
15:143 389 1189 1280 1282 1283 1284 1285 1286 1287 1288 1289 1290 1291 1292 1293 1294 
16:1837 1838 1839 1840 1841 1842 1843 1844 1845 1846 1847 1848 1849 1850 1851 1852 1853 
17:680 1306 1982 2373 2378 2475 2479 2482 2488 2494 2496 2497 2498 2499 2501 2502 2503 
18:739 779 780 781 782 783 784 785 786 787 788 789 790 791 792 793 794 
0:1954 1959 1978 2115 2120 2121 2129 2131 2132 2136 2139 2141 2142 2144 2200 2245 2247 
0:1309 1312 1314 1662 1933 1938 1947 1950 1958 1962 1975 1977 1982 1989 2004 2027 2083 
19:345 1326 1327 1328 1329 1330 1331 1332 1333 1334 1335 1336 1337 1338 1339 1340 
3:29 298 315 316 326 2837 3006 3007 3074 3558 3559 3560 3561 3562 3563 3564 
0:610 1134 1662 1907 1942 1950 1986 2033 2084 2098 2370 2507 2564 2856 2857 2858 
0:152 677 1133 1505 1734 1957 2224 2479 2480 2481 2485 2486 2490 2491 2492 2504 
20:614 681 1514 1986 2093 2480 2484 2752 2753 2754 2755 2756 2757 2758 2759 2760 
21:11 13 264 265 266 267 268 269 270 272 274 275 276 277 278 279 
0:1660 2114 2186 2228 2298 2299 2866 2867 2868 2869 2870 2871 2872 2873 2874 2875 
22:120 125 301 726 1938 2109 2241 2417 2816 2817 2818 2819 2820 2821 2822 2823 
0:1103 1938 1992 2118 2132 2133 2134 2181 2184 2185 2187 2189 2190 2192 2200 2204 
15:143 1189 1280 1281 1283 1284 1285 1286 1287 1288 1289 1290 1291 1292 1293 1294 
3:311 747 749 754 2768 2843 3352 3483 3494 3844 3845 3846 3847 3848 3849 3850 
10:329 330 331 332 333 335 336 338 339 340 341 342 343 344 346 1068 
0:1954 1959 1978 2115 2117 2120 2121 2129 2131 2132 2136 2139 2141 2142 2144 2247 
7:966 968 980 981 986 989 991 992 993 995 996 997 1000 1002 1003 2810 
0:1954 1959 1978 1992 2012 2115 2120 2121 2129 2131 2132 2136 2139 2141 2144 2200 
0:610 1309 1312 1662 1933 1938 1942 1950 1962 1975 1977 1986 2004 2033 2084 2098 
23:2323 2780 2784 3242 3243 3244 3245 3246 3247 3248 3249 3251 3253 3254 3255 
24:257 261 378 559 563 855 856 858 860 861 862 863 864 866 867 
0:1436 1437 1720 1772 1773 2057 2646 2797 2798 2799 2800 2801 2802 2804 2805 
0:726 1513 1964 2023 2033 2128 2143 2169 2194 2231 2760 2854 3092 3093 3094 
25:360 363 364 365 366 368 369 370 371 372 373 374 375 377 378 
0:1718 1724 1726 1745 1766 1794 1804 2428 2438 2697 2698 2699 2700 2701 2702 
3:3481 3485 3486 3487 3490 3492 3495 3496 3497 3498 3500 3502 3635 3636 3639 
0:1309 1312 1314 1933 1938 1947 1950 1958 1962 1975 1977 1982 2004 2083 2086 
24:112 857 859 865 866 867 1266 1269 1270 2288 2291 2393 2394 2396 
26:313 2535 3042 3473 3474 3475 3479 3612 3613 3651 3652 3653 3654 3655 
27:1071 1233 1234 1237 1239 1241 1244 1245 1247 1248 1250 1251 1253 1255 
28:7 8 9 10 11 12 13 14 15 16 17 18 24 25 
29:104 111 112 443 640 641 642 643 644 645 646 647 648 649 
30:53 56 732 967 2080 2549 2806 2808 2809 2811 2812 2813 2814 2815 
31:68 218 1047 1194 2658 2659 2660 2661 2662 2663 2664 2665 2666 2667 
3:756 1529 2321 2629 3068 3487 3492 3496 3498 3502 3635 3636 3638 3639 
7:948 949 951 959 961 963 965 966 968 969 970 987 993 996 
32:323 1529 2162 2629 2761 2766 2769 2771 2773 2774 2777 2778 2779 
0:672 677 1510 1531 2162 2361 2486 2763 2764 2765 2767 2768 2776 
0:1100 1102 1664 2079 2090 2147 2148 2149 2150 2151 2152 2153 2154 
5:15 23 121 269 484 502 513 514 515 601 602 603 604 
24:859 865 867 1261 1262 1263 1264 1265 1266 1267 1268 1269 1270 
33:1409 1410 1411 1412 1413 1414 1415 1416 1417 1418 1419 1420 1421 
34:144 876 2978 2979 2980 2981 2982 2983 2984 2985 2986 2987 2988 
35:145 146 147 148 149 150 151 152 153 154 155 156 157 
36:99 100 101 102 103 104 106 107 108 109 110 111 112 
37:501 2379 2380 2381 2382 2383 2384 2385 2386 2387 2388 2389 2390 
3:3481 3485 3486 3487 3488 3490 3492 3495 3496 3497 3500 3502 3637 
3:1690 1691 3481 3485 3486 3487 3490 3492 3495 3496 3497 3500 3502 
0:1307 1309 1312 1314 1933 1938 1950 1962 1975 1977 2004 2083 2086 
0:1309 1312 1933 1938 1950 1962 1975 1977 2004 2030 2089 2105 2108 
0:1309 1312 1662 1933 1938 1950 1962 1975 1977 2004 2083 2084 2098 
38:207 208 209 210 211 212 215 216 217 218 219 220 
39:1436 1446 2798 3538 3539 3540 3541 3542 3543 3544 3545 3546 
40:447 625 887 889 890 891 892 893 894 895 896 897 
0:45 124 1306 1307 1308 1309 1310 1311 1312 1313 1314 1315 
41:1311 1319 2174 3047 3048 3049 3050 3051 3052 3053 3054 3055 
42:1455 1461 1654 1845 2065 2255 3056 3303 3304 3305 3306 3307 
3:125 293 305 683 771 2528 2636 2654 2889 2890 2891 2893 
43:51 135 1820 1884 2731 2732 2733 2734 2735 2736 2737 2738 
44:628 690 691 692 693 694 695 696 697 698 699 700 
45:66 2365 2496 2509 2873 3305 3363 3453 3454 3455 3457 3458 
4:73 74 75 76 77 79 80 81 82 83 84 85 
0:1724 1744 1749 1766 1794 1804 2438 2503 2557 2699 2709 2710 
6:653 2593 2594 2596 2597 2598 2600 2601 2602 2605 2607 2612 
26:296 309 2592 3471 3472 3473 3474 3475 3476 3477 3478 3479 
6:653 2593 2594 2596 2597 2598 2600 2601 2602 2605 2607 2616 
0:1873 1940 1954 1959 1970 1978 2003 2111 2116 2122 2127 2249 
0:1314 1936 1938 1960 1992 1996 2023 2033 2181 2185 2189 2204 
7:948 949 951 961 966 968 969 976 979 987 993 996 
0:1314 1936 1947 1958 1960 1982 1996 2023 2033 2163 2179 2180 
0:1718 1724 1726 1732 1744 1745 1749 1761 1766 1794 1804 2438 
0:1718 1724 1726 1732 1744 1745 1761 1766 1794 1804 2428 2438 
46:2669 2671 2673 2674 2675 2676 2677 2678 2679 2680 2684 
47:1024 1025 1026 1027 1028 1029 1030 1031 1032 1033 1034 
48:215 220 1023 2388 2970 3503 3504 3505 3506 3507 3508 
49:537 767 984 1007 2270 2337 3150 3178 3180 3181 3183 
50:792 793 1976 2547 2550 2570 3122 3960 3961 3962 3963 
51:85 158 159 160 161 164 165 166 167 168 169 
52:59 637 638 639 899 936 1085 2811 3608 3609 3610 
53:301 752 2611 3031 3089 3478 3651 3655 3797 3798 3800 
3:319 323 2834 2835 2836 2837 3008 3009 3825 3826 3827 
3:3028 3062 3472 3478 3484 3844 3846 3847 3848 3849 3850 
54:596 1271 1342 1344 1345 1346 1844 3753 3760 3761 3762 
55:541 542 631 632 633 635 706 740 741 742 743 
56:120 298 3061 3062 3063 3064 3065 3066 3067 3068 3069 
57:1901 1930 2020 2725 2726 2727 2730 2866 2920 2921 2922 
0:1994 2044 2046 2055 2056 2173 2688 2692 3121 3127 3128 
58:361 446 447 448 449 450 451 452 453 454 455 
59:460 461 462 463 464 465 466 467 468 469 470 
60:1567 1568 1569 1570 1571 1572 1573 1574 1575 1576 1577 
61:1764 1765 1907 2202 2311 2466 2851 2852 2853 2854 2855 
62:1424 1425 1427 1428 1936 2174 2245 2465 2467 2468 2472 
63:314 1688 1695 2540 2541 2636 2841 2842 2843 2844 2845 
64:337 643 1065 1104 1118 1119 1120 1121 1122 1123 1124 
0:1718 1724 1726 1744 1745 1749 1766 1794 1804 2438 2699 
0:1718 1724 1726 1744 1745 1766 1794 1804 2428 2438 2699 
5:121 128 269 482 488 502 504 509 513 514 515 
5:121 269 482 484 488 502 504 509 513 514 515 
0:1314 1513 1947 1958 1982 2023 2033 2163 2169 2179 2180 
4:74 77 82 228 229 238 241 242 244 245 
65:185 535 605 609 610 611 612 613 614 616 
66:44 45 47 48 49 50 52 53 54 56 
67:48 50 3310 3311 3312 3313 3314 3315 3316 3317 
68:169 181 190 191 192 193 194 195 196 197 
69:586 993 1938 2058 2080 2214 2215 2216 2219 2220 
70:200 879 881 882 883 884 885 886 887 888 
71:1403 1680 2958 2959 2960 2961 2962 2963 2964 2965 
54:452 822 1341 1342 1343 1344 1345 1346 1347 1348 
7:647 966 996 1002 2404 2807 2881 2883 2884 2886 
72:625 890 3056 3240 3241 3318 3319 3321 3322 3323 
21:10 264 265 266 271 272 273 277 280 281 
73:2648 2649 2650 2651 2652 2653 2654 2655 2656 2657 
74:83 229 789 794 2331 2332 2333 2334 2335 2336 
75:363 723 1463 1464 1469 1470 1473 1474 1475 1477 
0:1133 1135 1193 1495 1510 1931 1932 1956 1957 1995 
76:835 2041 2082 2371 2372 2373 2375 2376 2377 2378 
77:244 667 668 669 773 774 775 776 777 778 
0:1314 2117 2142 2175 2176 2188 2247 3139 3176 3177 
78:2576 3043 3065 3709 3710 3711 3712 3713 3714 3715 
6:650 651 652 653 654 655 656 657 658 659 
0:185 677 1505 2235 2236 2479 2490 2491 2493 2500 
28:8 9 12 18 258 259 260 261 262 263 
24:856 857 865 866 1270 1441 1636 2290 2393 2395 
79:1609 3026 3028 3029 3030 3032 3033 3034 3035 3036 
0:1436 1437 2044 2057 2691 2797 2798 2800 2802 2803 
0:1436 1437 2057 2646 2797 2798 2800 2802 2803 2804 
0:823 1994 2044 2046 2047 2048 2055 2056 2688 2692 
3:311 3483 3484 3494 3844 3846 3847 3848 3849 3850 
4:75 79 80 81 82 84 230 232 237 239 
5:121 122 126 128 129 133 482 488 504 509 
3:284 285 289 297 304 310 311 320 321 1691 
0:1883 1954 1955 1959 1978 1982 2012 2029 2227 2239 
0:1314 1936 2142 2163 2179 2180 2182 2183 2188 2189 
0:1314 1936 1938 1960 1992 1993 1996 2023 2033 2189 
0:1938 1954 1959 1978 1992 2118 2132 2133 2134 2200 
0:1314 1936 1947 1958 1982 2142 2163 2174 2179 2180 
0:1491 1496 1501 1510 1513 1515 1519 1525 1947 2179 
0:1491 1495 1496 1501 1510 1513 1515 1519 1525 1947 
0:96 140 1143 1160 1759 1767 1778 1779 1811 1817 
80:323 2077 2591 2592 2905 3033 3087 3091 3438 
81:882 1466 3672 3674 3675 3676 3677 3678 3679 
82:1996 2183 2245 2473 2474 2475 2476 2477 2478 
0:1492 1500 1505 1509 2479 2483 2484 2487 2491 
83:1376 1380 1565 1849 2993 2997 3674 3725 3752 
63:1185 2520 2532 2536 2537 2538 2539 2542 2543 
84:1017 1018 3285 3726 3727 3728 3729 3730 3731 
85:2504 3377 3378 3379 3380 3381 3382 3383 3384 
86:336 597 1074 1278 2062 2705 3023 3703 3753 
0:1103 1495 1514 1518 2752 3168 3169 3170 3171 
87:885 1650 1652 2061 3056 3756 3757 3758 3759 
79:3026 3027 3029 3030 3031 3032 3034 3035 3036 
0:1706 1784 1828 1995 2038 2039 2040 2041 2042 
88:590 1933 1938 2081 2082 2093 2099 2100 2110 
17:1314 2213 2358 2479 2488 2489 2493 2495 2499 
0:1809 1994 2036 2037 2053 2054 2838 2839 2840 
89:1913 1951 2164 2295 2296 2297 2298 2299 2300 
90:230 232 738 739 773 789 790 1216 2392 
91:185 677 2045 2765 2965 3110 3533 3534 3536 
0:1742 1767 1783 1805 1816 1826 1830 1835 3116 
7:993 994 1002 1004 1021 2278 2281 2810 2885 
63:314 1530 2532 2536 2538 2539 2540 2541 2543 
24:859 865 867 1265 1266 1267 1269 1270 2396 
23:2323 2780 2781 3243 3244 3245 3247 3249 3251 
23:2323 2769 2781 3243 3244 3245 3247 3249 3251 
3:286 290 298 315 316 319 323 326 2837 
4:80 81 82 228 230 232 237 239 242 
3:311 747 749 751 754 755 756 3483 3494 
0:140 1741 1759 1767 1778 1779 1811 1817 3586 
0:140 1759 1767 1777 1778 1779 1811 1817 3785 
0:823 825 827 828 832 835 1796 1814 1827 
0:610 1662 1942 1947 1950 1986 1989 2033 2564 
0:610 1662 1942 1947 1950 1986 2033 2370 2564 
3:311 317 323 747 749 751 754 755 756 
5:121 122 126 127 129 133 510 516 517 
0:1873 1940 1954 1959 1970 1978 2003 2012 2249 
0:1314 2142 2163 2176 2179 2180 2182 2183 2188 
0:1314 1317 1936 1960 1996 2023 2033 2182 2183 
0:1314 1513 2023 2033 2163 2169 2179 2180 2194 
0:1314 1513 1947 1958 1964 1982 2023 2033 2169 
0:1314 1495 1513 1947 1958 1964 1982 2023 2033 
92:1526 2949 3626 3902 3999 4000 4001 4003 
93:1735 1866 2918 3720 3721 3722 3723 3724 
94:1089 1445 2402 3147 3154 3158 3159 3160 
95:366 458 1325 2404 2405 2406 2407 2408 
96:2340 2341 3442 4054 4055 4056 4057 4058 
97:272 434 435 436 437 438 439 440 
98:2397 3161 3162 3163 3164 3165 3166 3167 
99:72 646 2074 2786 3218 3219 3220 3221 
100:430 592 1010 2269 3145 3578 3579 3580 
101:718 1660 1972 2481 2492 2827 2828 2829 
102:1 182 336 1376 2408 3696 3697 3698 
103:2819 2999 3000 3001 3002 3003 3004 3005 
104:1433 1880 2991 2993 2994 2995 2996 2997 
105:1577 3216 3518 3519 3520 3521 3522 3523 
106:821 887 1230 1443 1444 1445 1446 1447 
107:446 560 561 567 568 570 571 573 
108:1016 1081 1082 3509 3510 3511 3512 3513 
0:140 835 1710 1768 1782 1824 2306 2307 
109:1396 1397 1398 1399 1400 1401 1402 1403 
55:541 630 631 632 633 634 636 637 
110:107 204 624 1664 2955 3206 3433 3434 
111:38 297 317 3042 3043 3044 3045 3046 
112:540 544 636 638 742 1085 3222 3223 
3:27 28 29 30 31 32 33 34 
113:570 1376 1676 3322 3759 3763 3764 3765 
114:983 1595 3294 3295 3296 3297 3298 3299 
115:680 1604 1605 2162 2242 2762 2772 2775 
116:1382 1863 1864 1867 1871 1872 1873 1874 
117:1604 2238 2745 2746 2747 2749 2750 2751 
118:752 1185 1493 1609 1692 2589 2591 2592 
3:294 326 2579 2891 2893 2904 3556 3557 
119:1891 1915 2242 2351 2352 2353 2354 2355 
38:207 208 211 213 214 216 219 220 
0:823 2046 2047 2048 2685 2688 2691 2692 
120:1665 1666 1667 1668 1669 1670 1671 1672 
121:557 1137 1410 1679 1680 1681 1682 1683 
4:83 241 245 478 2335 2392 4135 4136 
57:1884 2724 2725 2726 2727 2728 2729 2730 
122:1944 2002 2137 2551 2814 3123 3124 3125 
123:1956 2082 2096 2233 2359 2508 3108 3109 
124:2042 2214 2217 2218 2221 2222 2223 2225 
24:98 855 862 865 2288 2289 2290 2291 
125:1950 2083 2376 3407 3408 3409 3410 3423 
16:1842 1843 1852 2252 2255 2256 2257 2258 
126:55 889 897 1344 2060 2062 2063 2064 
7:985 1006 2080 2084 2089 2514 2807 2810 
0:1382 1873 1993 1994 2027 2461 2839 3945 
0:1488 1493 1506 1507 1517 1529 1530 1531 
127:2244 2297 3128 3135 3136 3137 3139 3141 
3:758 759 761 853 2162 2586 2770 2771 
128:1661 2403 2474 2503 2712 2713 2872 2933 
21:264 265 266 272 275 277 280 281 
0:1706 1742 1767 1784 1816 1826 1828 2038 
24:857 865 866 1270 2288 2290 2291 2393 
10:333 335 339 343 346 1068 1116 1354 
4:73 75 76 78 80 81 82 84 
4:74 75 77 80 81 82 84 228 
0:1895 1901 1910 1919 1930 2922 2931 2938 
0:823 2044 2046 2047 2048 2688 2691 2692 
0:1317 2114 2142 2176 2182 2183 2200 2251 
21:10 11 13 264 265 266 272 277 
3:290 298 315 316 326 2837 3006 3007 
3:311 662 663 664 665 2523 2524 2531 
7:948 976 979 993 994 996 1002 1004 
3:1529 2629 2778 3487 3492 3496 3498 3502 
3:2629 2636 2778 3487 3492 3496 3498 3502 
5:482 488 504 509 510 516 517 520 
0:1724 1744 1749 1766 1794 1804 1836 2557 
0:1873 1940 1970 1993 1994 2003 2027 2461 
3:284 289 297 317 745 1693 1694 1697 
0:1103 1992 2118 2132 2133 2134 2137 2138 
3:285 304 310 311 320 321 1691 2532 
0:1919 1930 2228 2229 2240 2871 2872 2874 
0:1883 1955 1964 1982 2023 2029 2033 2231 
0:1883 1947 1955 1982 2029 2232 2234 2242 
0:1491 1496 1501 1510 1519 1525 1531 2361 
0:1491 1492 1496 1501 1510 1519 1525 2362 
0:1491 1494 1496 1501 1510 1519 1525 2370 
3:285 293 304 305 311 320 321 2528 
3:285 293 304 311 320 321 2525 2528 
3:285 304 310 311 314 320 321 2532 
3:284 289 293 297 317 1693 1694 1697 
3:285 293 304 311 317 320 321 2525 
0:1992 2118 2132 2133 2134 2142 2189 2200 
0:1314 2142 2163 2175 2176 2179 2180 2188 
7:959 963 965 966 967 968 970 2813 
0:1317 1938 1954 1959 1978 1992 2012 2200 
0:1317 1954 1959 1978 1992 2114 2142 2200 
0:1938 1954 1959 1978 1992 2012 2132 2200 
0:1314 1936 2160 2163 2174 2179 2180 2193 
0:1314 1936 1960 1964 1996 2023 2033 2194 
0:1314 1947 1958 1977 1982 2083 2086 2142 
0:1977 2085 2101 2102 2105 2107 2137 2138 
0:610 1662 1883 1907 1942 1950 1986 2033 
129:1484 3673 3832 3833 3834 3835 3836 
130:1277 1484 3834 3835 4019 4020 4021 
131:321 2941 2942 2943 2944 2945 2946 
132:88 3778 3779 3780 3782 3783 3784 
133:255 472 629 938 2345 2347 2348 
134:1221 1227 1231 3392 3549 3550 3551 
135:86 87 88 89 90 91 92 
136:1432 1581 1591 1878 3755 3795 3796 
0:1936 2142 2189 2245 2463 2466 2471 
137:1510 2522 3488 3637 3681 3682 3683 
138:367 446 559 562 563 564 569 
139:1043 1044 1045 1046 1047 1049 1050 
140:1052 1373 1378 1471 2923 2924 2926 
141:438 546 547 548 549 555 557 
142:101 547 605 606 607 608 615 
51:161 162 163 1109 1110 1111 1112 
51:164 168 1109 1110 1111 1113 1114 
143:1117 3325 3326 3327 3328 3329 3330 
144:155 1132 1133 1134 1135 1136 1137 
108:923 924 942 1015 1016 1017 1018 
145:1302 2154 3023 3761 3762 3976 3977 
146:3191 3192 3193 3194 3195 3569 3570 
147:1195 1197 3365 3366 3368 3369 3371 
148:781 1191 1194 1195 1197 1198 1199 
149:471 540 2345 2346 2348 2349 2350 
150:846 869 870 871 872 873 874 
151:7 19 20 21 22 23 26 
152:209 212 359 2666 3132 3133 3134 
153:495 883 2062 3758 3964 3967 3968 
154:308 686 2788 2789 2790 2791 2792 
0:1995 2039 2040 2042 2225 3234 3235 
155:1352 1354 1635 3021 3056 3229 3230 
156:155 612 1827 2054 2309 2310 2314 
157:897 935 1344 1359 1360 1361 1362 
158:140 593 794 1829 2443 3996 3997 
62:1422 1423 1424 1425 1426 1427 1428 
159:1710 2301 2302 2303 2304 2305 2308 
160:802 803 805 806 807 808 809 
161:679 2755 2824 3169 4008 4010 4011 
162:87 795 796 798 799 800 801 
163:2082 2233 2505 2506 2507 2508 2509 
32:298 2773 2777 2782 3826 4014 4015 
32:298 323 2773 2777 2782 3826 4015 
164:1716 1807 2861 2862 2863 2864 2865 
165:17 119 1098 1594 1595 1596 1597 
166:1606 1648 1650 1651 1652 1653 1654 
167:187 3102 3103 3104 3105 3106 3107 
168:1918 3135 3137 3138 3140 3142 3143 
169:1689 1702 1703 2902 2903 2904 2905 
170:939 940 941 942 943 944 945 
171:1699 1701 2320 2575 2890 3554 3555 
172:2081 2082 2099 2178 2913 2914 2915 
173:167 734 735 736 737 738 739 
174:2649 2766 3086 3087 3088 3089 3091 
175:185 677 1858 2143 3533 3535 3537 
176:1730 2155 2156 2157 2158 2159 2160 
177:323 689 764 1531 2571 2792 3564 
178:671 672 673 674 675 677 680 
179:603 1510 1657 1800 2233 2776 3057 
180:89 1768 3055 3169 3882 3883 3884 
181:62 63 64 65 67 68 69 
182:3010 3011 3012 3014 3015 3016 3017 
108:1016 1018 1081 1082 3509 3511 3512 
183:2521 2630 2878 2904 3211 3213 3216 
184:1655 1657 1658 1659 1660 1661 1664 
3:125 305 683 2889 2892 2893 2894 
66:44 46 49 51 54 55 56 
3:287 288 299 300 323 2533 2534 
3:287 288 299 300 301 323 2534 
185:557 1736 2375 2711 2712 2713 2714 
51:158 159 161 162 163 164 165 
51:161 162 163 164 1109 1110 1111 
5:127 510 516 517 520 601 1098 
73:2650 2651 2653 2654 2655 2657 3517 
4:74 77 82 83 229 241 245 
3:125 305 683 2654 2889 2892 2893 
24:857 865 866 1270 2393 2395 2396 
0:1783 1805 1830 1835 2762 3116 3128 
7:966 993 996 1002 2807 2810 2886 
3:286 319 323 2834 2835 2836 2837 
24:855 862 865 866 2288 2290 2291 
32:323 2761 2773 2777 2778 2779 2782 
32:323 2761 2778 2779 2780 2781 2782 
57:1884 1901 1930 2725 2726 2727 2730 
10:1068 1069 1070 1072 1075 1116 1354 
4:74 77 79 80 81 82 242 
4:74 77 80 81 82 228 242 
0:1993 1994 2044 2046 2055 2056 3121 
24:856 857 865 866 867 1270 2393 
26:3473 3474 3475 3478 3479 3651 3655 
24:261 855 856 862 865 866 867 
24:855 862 865 866 867 2288 2291 
26:296 309 313 3473 3474 3475 3479 
5:269 502 513 514 515 520 601 
0:823 2044 2046 2047 2048 2057 2691 
5:15 25 269 502 513 514 515 
3:298 315 316 323 326 2837 3564 
0:1660 1930 2228 2866 2871 2872 2874 
3:28 29 31 298 315 316 326 
0:1660 1930 2469 2871 2872 2874 2937 
7:985 987 993 994 996 1004 2810 
3:1688 1691 1693 1694 1695 1697 2636 
3:756 3480 3487 3492 3496 3498 3502 
3:311 1691 2523 2524 2531 2532 3480 
0:1720 1772 1773 1796 1814 1827 2057 
0:1796 1809 1814 1827 1994 2053 2054 
0:835 1733 1734 1796 1814 1827 2052 
0:1662 1947 1950 1986 1989 2484 2564 
0:1314 1662 1947 1950 1989 2083 2493 
0:770 1479 1662 1947 1950 1989 2557 
0:1662 1947 1950 1982 1989 2083 2501 
5:121 122 126 129 133 134 242 
0:1883 1933 1938 1955 1982 2029 2082 
0:1513 1964 1982 2023 2033 2169 2231 
0:1936 1954 1959 1978 1996 2012 2245 
0:1314 1954 1959 1978 2117 2142 2247 
0:2181 2182 2183 2185 2189 2200 2204 
0:1314 1513 1964 2023 2033 2169 2194 
0:1314 1317 1947 1958 1982 2142 2176 
0:1977 2083 2086 2101 2102 2105 2142 
0:1314 1495 1513 1515 1947 1958 1982 
0:1718 1732 1744 1761 2428 2438 2440 
0:610 1883 1930 1955 1982 2020 2029 
0:610 1883 1919 1930 1955 1982 2029 
0:610 1317 1883 1919 1955 1982 2029 
186:476 3385 3386 3387 3388 3389 
187:1859 2685 2686 2687 2689 2690 
188:578 2265 2266 2267 2268 2270 
189:2642 2646 2803 2804 2973 2974 
190:1049 2621 3838 3839 3840 3841 
191:2223 3080 3081 3082 3083 3084 
146:3191 3195 3434 3568 3569 3570 
192:35 684 686 687 688 689 
193:2798 2799 3595 3596 3597 3598 
194:815 2252 2253 2254 2256 2259 
195:132 2184 2342 3441 3442 3443 
196:1550 3505 3954 3955 3958 3959 
197:2316 3843 3913 3936 3937 3938 
198:1393 1395 3912 3913 3915 3916 
199:1539 1840 2703 2720 2721 2722 
200:1542 1543 1544 1545 1546 1547 
182:1348 1552 3012 3014 3015 3016 
201:893 2850 3041 3730 4179 4180 
202:53 56 974 1011 1012 1013 
203:365 1440 1580 1582 1583 1586 
204:1544 1585 3224 3225 3226 3227 
205:1959 2246 2248 3095 3096 3097 
206:644 727 730 731 732 733 
207:2610 2611 3611 3612 3613 3614 
208:728 741 3223 3689 3691 3692 
112:539 540 541 542 544 545 
209:46 446 565 566 572 574 
210:730 2988 3610 4097 4098 4099 
211:1185 1607 1608 1609 1611 1612 
8:1185 1608 1609 2572 2573 2584 
212:1116 1621 1632 1633 1635 1636 
213:2212 3466 3467 3468 3469 3470 
24:1265 1267 2289 2395 2396 3113 
0:1660 1930 2202 2469 2937 4033 
214:283 849 1062 1063 1064 1065 
0:2160 2163 2174 2193 2909 2910 
215:26 1135 1835 2044 3129 3130 
216:2534 2895 2896 2897 2898 2900 
217:249 1126 1128 2906 2907 2908 
218:206 219 250 251 254 257 
219:41 139 844 915 918 919 
220:172 173 174 175 176 177 
221:616 1932 2034 2035 2036 2037 
222:109 2703 3189 3256 3257 3258 
223:2739 2740 2741 2742 2743 2744 
224:2130 2197 2801 2855 3596 3929 
225:876 877 1947 2083 3203 3204 
47:1026 1027 1028 1029 1030 3360 
226:63 64 107 3338 3339 3340 
227:1114 3240 3334 3335 3336 3337 
228:2612 2886 2887 3482 3744 3855 
229:850 1062 1320 1321 1322 1323 
230:1526 2951 3865 3866 3867 3868 
231:185 1449 1735 2714 2921 3719 
232:1863 1865 1866 1868 1869 1870 
233:1403 2962 2964 3876 3877 3878 
234:1300 1301 1302 1303 1304 1305 
235:1963 1980 2023 3822 3823 3824 
236:1449 2215 2400 2401 2402 2403 
237:1371 1374 1375 1376 1377 1378 
73:2652 2653 2654 2656 2892 4089 
238:157 1446 3210 3211 3212 3213 
239:950 1476 3181 3199 3200 3201 
240:1982 2030 2297 2696 3136 3810 
146:3190 3191 3192 3193 3194 3195 
146:3192 3193 3194 3569 3570 3837 
241:589 2096 2547 3630 3631 3632 
3:660 661 662 663 664 665 
242:362 450 597 598 599 600 
108:1017 1018 1081 1082 3728 4102 
243:30 326 3073 3074 3075 3078 
243:30 3073 3074 3075 3076 3078 
3:32 3077 3560 3561 3562 3564 
244:185 1735 3534 3536 3720 3723 
108:599 1016 1018 3509 3511 3512 
108:924 1016 1017 1018 1081 1082 
0:1718 1724 1735 1740 1794 2918 
51:161 164 168 1109 1110 1111 
3:29 32 3560 3561 3562 3564 
11:3287 3288 3289 3348 3349 3356 
73:2650 2651 2653 2655 3088 3517 
245:2113 2114 2202 2251 2875 2911 
7:993 2807 2810 2885 2886 2887 
73:2649 2650 2651 2653 2655 3088 
55:541 630 631 632 633 635 
55:541 631 632 633 636 742 
0:1873 1993 1994 1999 2027 3945 
0:1796 1994 2052 2053 2054 2838 
0:1796 1809 1994 2053 2054 2838 
0:1742 1767 1816 1826 2038 3116 
24:865 1265 1267 1270 2395 2396 
24:865 1265 1267 2289 2395 2396 
3:290 319 323 2837 3008 3009 
3:290 2837 3006 3007 3008 3009 
7:993 1002 2807 2810 2885 2886 
24:855 856 862 865 866 2290 
246:51 152 1492 1515 2553 2784 
3:293 294 305 326 2891 2893 
0:1317 1910 1919 2922 2931 2938 
32:323 2761 2769 2778 2779 2781 
3:323 758 759 761 2162 2771 
26:752 2592 3471 3476 3477 3478 
0:2142 2163 2176 2182 2183 2251 
28:8 9 12 18 24 263 
24:261 856 857 865 866 867 
24:261 857 859 865 866 867 
5:121 127 510 516 517 601 
5:121 484 510 516 517 601 
0:677 1133 1505 1510 1957 2486 
0:1901 1930 2866 2871 2872 2874 
17:1306 1314 1982 2479 2488 2499 
247:1736 2494 2501 2556 2562 2569 
0:718 1658 1659 1660 1930 2228 
7:993 994 996 1002 1004 2810 
3:284 289 297 323 745 1698 
3:284 289 297 314 1688 1695 
3:284 289 297 304 314 1688 
3:284 289 297 304 1688 1691 
7:993 999 1002 1021 2278 2281 
5:24 25 482 488 504 509 
5:482 488 496 500 504 509 
0:140 673 1778 3787 3788 3789 
0:823 835 1796 1814 1827 2052 
0:1307 1308 1309 1312 2085 2107 
0:1492 1500 1505 1509 1514 2484 
0:1662 1950 2083 2084 2098 2564 
3:284 289 297 317 323 745 
3:323 751 755 756 764 1531 
3:311 323 751 755 756 1531 
0:1101 1102 1103 1938 2085 2107 
3:1691 1693 1694 1697 2525 2636 
0:718 1883 1955 1972 1982 2029 
0:2082 2232 2233 2234 2242 2359 
0:1883 1915 1919 1930 2230 2242 
0:1510 1659 2232 2233 2234 2242 
0:1947 1982 2179 2232 2234 2242 
0:1510 2232 2233 2234 2242 2359 
0:1510 1947 2162 2179 2242 2361 
0:1883 1891 1915 1919 1930 2242 
0:1936 1954 1959 1978 2142 2245 
0:1314 1954 1959 1978 2012 2247 
3:293 305 310 314 317 2636 
0:1314 1317 1936 2142 2182 2183 
0:1314 1317 2142 2176 2182 2183 
0:1102 1664 2079 2083 2086 2090 
0:1510 1513 1515 1529 1531 2162 
0:1510 1513 1515 1947 2162 2179 
0:1314 1947 1951 1958 1982 2164 
0:1314 1947 1958 1982 1994 2173 
0:2083 2086 2089 2105 2108 2177 
0:1314 1947 1958 1982 2030 2177 
0:140 1732 1744 1761 1829 2443 
0:610 1317 1883 1908 1910 1919 
0:1317 1910 1919 2931 2936 2938 
248:1233 1235 1238 1240 1249 
249:2846 3749 3873 3874 3875 
250:1116 1233 1243 1252 1254 
251:1073 3154 3155 3156 3157 
252:1254 2846 2847 3978 3979 
253:978 982 1004 2741 2888 
254:1087 1088 1089 1090 1091 
255:616 2173 2230 3604 3605 
256:183 184 185 186 187 
257:1664 2339 2340 2341 2342 
258:210 218 394 2337 2338 
259:2815 3969 3970 3971 3972 
260:2149 3114 3981 3982 3983 
261:1795 2285 3528 3530 3531 
262:432 442 722 723 724 
263:1492 2091 2092 2108 2783 
264:1999 2688 2692 3945 4120 
265:1556 1653 3308 3939 3940 
266:354 355 356 357 358 
267:3642 3643 3645 3646 3647 
268:538 615 4070 4072 4073 
269:938 3991 4208 4209 4210 
270:1854 1856 1857 1858 1859 
271:847 1275 1473 3617 3618 
272:1748 1752 1834 1854 1855 
273:2031 2048 3595 3705 3706 
274:903 1271 1277 1278 1279 
275:3286 3287 3288 3289 3290 
276:2654 2657 3288 3517 3984 
57:2020 2730 2920 2921 4117 
277:716 1374 1550 3750 3751 
278:1480 2566 3170 4112 4115 
279:2869 2870 2921 3270 3274 
280:495 2282 2644 3965 3966 
281:2754 2772 3151 3152 3153 
282:1039 1092 1093 1094 1095 
283:2668 2669 2670 2671 2672 
284:2921 3267 3268 3269 3270 
285:1791 1965 3565 3566 3567 
286:126 176 1682 3265 3266 
287:1489 1515 1525 1685 1686 
288:3745 3746 3747 3748 3749 
289:2399 3172 3173 3174 3175 
0:1728 1750 1771 1825 3594 
290:134 242 1220 4175 4176 
291:1915 2230 2719 2947 2949 
292:71 1537 1538 1539 1540 
293:2034 2123 3892 3893 3894 
294:1937 2364 2747 2793 2794 
295:2641 2643 2644 2645 2647 
296:268 712 713 714 715 
297:1800 2776 3038 4074 4075 
298:496 500 3992 3993 3994 
299:3454 3458 3459 3460 3462 
300:41 558 1076 1077 1078 
301:1540 3020 3021 3022 3023 
302:1366 1915 4167 4168 4169 
303:648 649 3339 3340 3906 
304:198 199 200 201 202 
305:221 222 223 225 226 
306:1038 1039 1040 1041 1042 
307:2643 2644 2645 3817 3928 
308:250 252 253 255 256 
309:461 470 626 627 628 
310:2068 2069 2070 2074 2075 
311:206 728 3692 3694 3695 
312:926 929 930 931 932 
313:2352 2353 3254 3741 3742 
314:3538 3620 3621 3717 3718 
315:1782 2459 3732 3733 3734 
316:1232 2743 3930 3931 3933 
317:1598 1599 1600 1601 1602 
318:292 3185 3186 3187 3188 
310:2068 2069 2070 2071 2072 
310:2068 2069 2070 2072 2074 
319:2230 2496 2566 3453 3456 
320:1429 1430 1431 1432 1433 
321:1631 1752 1891 1915 3624 
322:2236 3423 3457 3462 4124 
323:671 676 678 679 681 
324:1476 2928 2985 3331 3333 
325:24 270 983 2271 2272 
326:1451 1452 1453 1454 1456 
327:666 667 668 669 670 
328:1947 2563 2566 3398 3400 
329:85 477 478 479 481 
330:2272 2830 2831 2832 2833 
331:1873 2027 2461 3946 3947 
332:2016 3948 3949 3950 3951 
160:802 803 804 805 806 
333:2844 3076 3365 3367 3370 
334:1476 2969 2970 2971 2972 
335:786 2333 2966 2967 2968 
336:360 361 362 367 376 
337:1402 1403 2962 3346 3873 
338:242 487 2742 3114 3115 
339:886 2126 2205 2209 2210 
340:1929 2157 2205 2206 2207 
341:1632 1636 2986 3200 3324 
342:259 350 471 472 473 
343:369 931 932 1653 3056 
344:1610 1700 3502 3638 3639 
0:2416 2428 2432 2440 2919 
0:2416 2428 2432 2919 3184 
345:608 1005 1006 1007 1010 
346:897 2060 2061 2063 2067 
347:1039 1054 1055 1056 1058 
348:275 280 281 3202 3325 
349:1040 1100 1101 1102 1103 
350:993 1004 1041 2095 2217 
351:186 1972 2033 2472 4083 
0:1936 2142 2180 2189 2463 
45:2496 3454 3455 3458 3459 
242:597 598 599 600 1016 
166:1650 1652 1653 1654 3056 
352:1192 1792 2230 3625 3626 
3:28 29 30 31 326 
112:540 541 542 544 742 
112:540 541 544 636 742 
0:1495 1505 1514 1518 3171 
0:1706 1784 1822 1828 2042 
353:732 2548 2597 2616 3744 
354:2163 2251 2307 2911 2912 
4:83 229 241 245 2335 
264:1994 1999 2688 2692 3945 
0:1993 1994 2053 2054 2839 
0:835 1733 1796 2052 2838 
0:835 1733 1796 1809 2838 
0:835 1706 1784 1828 2041 
355:770 1479 1836 2557 2570 
3:298 319 323 2837 3826 
24:865 2288 2289 2291 2396 
7:985 993 996 2807 2810 
7:985 993 2080 2807 2810 
8:1185 2537 2572 2573 2584 
0:1309 1310 1312 1314 2019 
16:1842 1843 1845 1852 2255 
63:314 2532 2540 2541 2636 
0:1895 2174 2922 2931 2938 
0:672 673 677 1510 1531 
0:1100 1101 1102 2079 2090 
26:2611 3612 3613 3651 3655 
0:2163 2182 2183 2202 2251 
0:2114 2182 2183 2202 2251 
356:306 752 1696 3652 3654 
26:752 3651 3652 3654 3655 
26:752 1696 3471 3476 3477 
28:11 13 15 25 269 
0:152 1492 1505 2479 2491 
0:1505 2479 2480 2484 2491 
0:1505 2479 2484 2491 2493 
0:677 1505 1510 1531 2486 
0:1133 1495 1505 1510 1957 
0:1660 2114 2186 2202 2875 
0:2023 2033 2194 2202 2854 
3:747 749 754 763 3845 
3:311 1531 2768 3483 3494 
0:1964 1986 2023 2033 2760 
0:673 677 1505 1510 1531 
17:2479 2488 2493 2499 2501 
0:726 1938 1964 2023 2033 
0:1306 1309 1312 1314 1982 
3:747 749 750 754 3352 
7:984 987 993 996 3150 
3:284 289 297 301 1703 
3:284 289 297 306 1696 
3:310 311 1691 2532 3480 
3:748 758 759 761 2586 
3:748 751 755 756 2588 
0:1948 1993 1994 2031 2048 
0:1796 1814 1827 1835 2044 
3:301 306 317 323 752 
0:124 132 1307 1309 1312 
22:120 125 132 1938 2109 
3:1691 2525 2528 2532 2636 
0:1947 1982 2162 2179 2242 
0:2132 2142 2189 2200 2245 
0:1936 1996 2183 2189 2245 
0:2142 2183 2189 2200 2245 
0:1936 2142 2183 2189 2245 
0:1314 1936 1992 2142 2189 
0:2142 2182 2183 2189 2200 
0:2114 2182 2183 2186 2202 
0:1930 2202 2469 2852 2937 
0:1513 2128 2142 2143 2169 
0:2083 2086 2105 2142 2177 
0:2030 2089 2105 2108 2177 
0:1317 1908 1910 1919 2936 
0:610 1883 1901 1930 2020 
