0:43 96 140 352 674 825 827 828 832 835 973 1114 1143 1350 1704 1705 1706 1707 1708 1709 1710 1711 1712 1713 1714 1715 1716 1717 1718 1719 1720 1721 1722 1723 1724 1725 1726 1727 1728 1729 1730 1731 1732 1733 1734 1735 1736 1737 1738 1739 1740 1741 1742 1743 1744 1745 1746 1747 1748 1749 1750 1751 1752 1753 1754 1755 1756 1757 1758 1759 1760 1761 1762 1763 1764 1765 1766 1767 1768 1769 1770 1771 1772 1773 1774 1775 1776 1777 1778 1779 1780 1781 1782 1783 1784 1785 1786 1787 1788 1789 1790 1791 1792 1793 1794 1795 1796 1797 1798 1799 1800 1801 1802 1803 1804 1805 1806 1807 1808 1809 1810 1811 1812 1813 1814 1815 1816 1817 1818 1819 1820 1821 1822 1823 1824 1825 1826 1827 1828 1829 1830 1831 1832 1833 1834 1835 1836 
1:153 610 770 1309 1312 1314 1317 1495 1662 1873 1883 1931 1933 1934 1935 1936 1937 1938 1939 1940 1941 1942 1943 1944 1945 1946 1947 1948 1949 1950 1951 1952 1953 1954 1955 1958 1959 1960 1961 1962 1963 1964 1965 1966 1967 1968 1969 1970 1971 1972 1973 1974 1975 1976 1977 1978 1979 1980 1981 1982 1983 1984 1985 1986 1987 1988 1989 1990 1991 1992 1993 1994 1996 1997 1998 1999 2000 2001 2002 2003 2004 2005 2006 2007 2008 2009 2010 2011 2012 2013 2014 2015 2016 2017 2018 2019 2020 2021 2022 2023 2024 2025 2026 2027 2028 2029 2030 2031 2032 2033 
2:1885 1886 1887 1888 1889 1890 1892 1893 1894 1895 1896 1897 1898 1899 1901 1903 1904 1905 1906 1909 1910 1912 1914 1916 1917 1919 1921 1922 1923 1924 1925 1926 1927 1928 1930 2229 2240 2464 2469 2476 2748 2852 2871 2872 2874 2912 2930 2931 2932 2933 2934 2935 2936 2937 2938 2939 2940 
1:1870 1934 1952 1954 1959 1971 1973 1977 1978 1992 2000 2001 2006 2007 2009 2025 2026 2101 2102 2105 2111 2112 2113 2114 2115 2116 2117 2118 2119 2120 2121 2122 2123 2124 2125 2126 2127 2128 2129 2130 2131 2132 2133 2134 2135 2136 2137 2138 2139 2140 2141 2142 2143 2144 2145 2146 
3:379 380 381 382 383 384 385 386 387 388 389 390 391 392 393 394 395 396 397 398 399 400 401 402 403 404 405 406 407 408 409 410 411 412 413 414 415 416 417 418 419 420 421 422 423 424 425 426 427 428 429 
2:184 610 1882 1883 1884 1885 1886 1887 1888 1889 1890 1891 1892 1893 1894 1895 1896 1897 1898 1899 1900 1901 1902 1903 1904 1905 1906 1907 1908 1909 1910 1911 1912 1913 1914 1915 1916 1917 1918 1919 1920 1921 1922 1923 1924 1925 1926 1927 1928 1929 1930 
4:96 476 494 1138 1139 1140 1141 1142 1143 1144 1145 1146 1147 1148 1149 1150 1151 1152 1153 1154 1155 1156 1157 1158 1159 1160 1161 1162 1163 1164 1165 1166 1167 1168 1169 1170 1171 1172 1173 1174 1175 1176 1177 1178 1179 1180 1181 
5:28 31 247 284 285 286 287 288 289 290 291 292 293 294 295 296 297 298 299 300 301 302 303 304 305 306 307 308 309 310 311 312 313 314 315 316 317 318 319 320 321 322 323 324 325 326 
0:584 587 591 1095 1732 1744 1761 2190 2264 2409 2410 2411 2412 2413 2414 2415 2416 2417 2418 2419 2420 2421 2422 2423 2424 2425 2426 2427 2428 2429 2430 2431 2432 2433 2434 2435 2436 2437 2438 2439 2440 2441 2442 2443 2444 
6:138 673 1192 1488 1489 1490 1491 1492 1494 1495 1496 1497 1498 1499 1500 1501 1502 1503 1504 1505 1508 1509 1510 1511 1512 1513 1514 1515 1516 1517 1518 1519 1520 1521 1522 1523 1524 1525 1526 1527 1528 1529 1531 1532 
7:79 80 81 82 230 232 237 239 242 394 487 1200 1201 1203 1204 1205 1206 1207 1208 1209 1210 1211 1212 1213 1214 1215 1216 1217 1218 1219 1220 1221 1222 1223 1224 1225 1226 1227 1228 1229 1230 1231 1232 
1:40 132 1101 1102 1307 1309 1312 1933 1938 1950 1962 1975 1977 2004 2078 2079 2080 2083 2084 2085 2086 2087 2088 2089 2090 2091 2092 2094 2095 2096 2097 2098 2101 2102 2103 2104 2105 2106 2107 2108 2109 
2:1883 1885 1886 1887 1888 1889 1890 1892 1893 1894 1895 1896 1897 1898 1899 1901 1903 1904 1905 1906 1909 1910 1912 1914 1916 1917 1919 1921 1922 1923 1924 1925 1926 1927 1928 1930 2229 2240 
8:24 47 121 122 126 129 133 242 263 482 483 484 486 487 488 489 491 492 493 495 499 500 501 503 504 505 506 508 509 510 511 512 516 517 518 522 523 
2:1885 1886 1887 1888 1889 1890 1892 1893 1894 1895 1896 1897 1898 1899 1901 1903 1904 1905 1906 1908 1909 1910 1912 1914 1916 1917 1919 1921 1922 1923 1924 1925 1926 1927 1928 1930 2936 
2:1885 1886 1887 1888 1889 1890 1892 1893 1894 1895 1896 1897 1898 1899 1901 1903 1904 1905 1906 1907 1909 1910 1912 1914 1916 1917 1919 1921 1922 1923 1924 1925 1926 1927 1928 1930 2852 
2:1885 1886 1887 1888 1889 1890 1892 1893 1894 1895 1896 1897 1898 1899 1900 1901 1903 1904 1905 1906 1909 1910 1912 1914 1916 1917 1919 1921 1922 1923 1924 1925 1926 1927 1928 1930 2469 
9:653 654 655 656 658 659 919 1577 2593 2594 2595 2596 2598 2599 2600 2601 2602 2603 2604 2605 2606 2607 2608 2609 2610 2611 2613 2614 2615 2616 2617 
10:696 766 921 946 947 948 949 950 951 952 953 954 955 956 957 958 959 960 961 962 963 964 965 966 967 968 969 970 971 972 973 
1:1314 1513 1515 1664 1683 1947 1958 1982 2083 2086 2142 2161 2162 2163 2164 2165 2166 2167 2168 2169 2170 2171 2172 2173 2174 2175 2176 2177 2178 2179 2180 
1:1314 1318 1936 1960 1996 2023 2033 2160 2163 2179 2180 2181 2182 2183 2185 2186 2188 2189 2191 2193 2194 2195 2196 2197 2198 2199 2201 2202 2203 2204 
10:959 963 965 966 968 970 980 981 986 987 989 991 992 993 995 996 997 1000 1003 1057 2516 2810 2813 3144 3145 3146 3147 3148 3149 3150 
11:293 317 685 1197 1693 1694 1697 2241 2525 2599 2622 2623 2624 2625 2626 2627 2628 2629 2630 2631 2632 2633 2634 2635 2636 2637 2638 2639 2640 
10:696 948 953 954 955 956 958 960 966 968 972 976 979 980 981 986 989 991 992 993 995 997 998 999 1000 1001 1002 1003 
1:1309 1312 1933 1934 1938 1950 1952 1954 1959 1962 1971 1973 1975 1977 1978 1992 2000 2001 2004 2006 2007 2009 2025 2026 2101 2102 2105 
1:1934 1952 1954 1959 1971 1973 1977 1978 1992 2000 2001 2006 2007 2009 2012 2025 2026 2115 2120 2121 2129 2131 2132 2136 2139 2141 2144 
1:718 1658 1659 1883 1919 1930 1955 1982 2029 2082 2226 2227 2228 2229 2230 2231 2232 2233 2234 2235 2236 2237 2238 2239 2240 2242 
5:151 285 304 311 320 321 663 665 721 1691 2517 2518 2519 2520 2521 2522 2523 2524 2525 2526 2527 2528 2529 2530 2531 2532 
6:612 1491 1496 1501 1510 1519 1525 1947 2179 2232 2234 2242 2357 2358 2359 2360 2361 2362 2363 2364 2365 2366 2367 2368 2369 2370 
10:696 948 953 954 955 956 958 959 960 963 965 966 968 970 972 980 981 986 989 991 992 993 995 997 1000 1003 
1:1309 1312 1933 1934 1938 1950 1952 1954 1959 1962 1971 1973 1975 1977 1978 1992 2000 2001 2004 2006 2007 2009 2025 2026 2030 2105 
8:117 118 119 120 121 122 123 124 125 126 127 128 129 130 131 132 133 134 135 136 137 138 139 140 141 
1:1780 1873 1940 1970 2003 2111 2116 2122 2127 2249 2449 2450 2451 2452 2453 2454 2455 2456 2457 2458 2459 2460 2461 2462 
5:317 323 528 744 745 746 747 748 749 750 751 752 753 754 755 756 757 758 759 760 761 762 763 764 
1:1934 1938 1952 1954 1959 1971 1973 1977 1978 1992 2000 2001 2006 2007 2009 2025 2026 2101 2102 2105 2118 2132 2133 2134 
1:1873 1934 1940 1952 1954 1959 1970 1971 1973 1977 1978 1992 2000 2001 2003 2006 2007 2009 2025 2026 2111 2116 2122 2127 
1:1479 1657 1662 1947 1950 1989 2083 2484 2493 2501 2557 2558 2559 2560 2561 2562 2563 2564 2565 2566 2567 2568 2569 
1:1954 1959 1978 2012 2115 2120 2121 2129 2131 2132 2136 2139 2141 2144 2200 2227 2239 2245 2246 2247 2248 2249 2250 
1:1314 1317 1934 1936 1947 1952 1954 1958 1959 1971 1973 1977 1978 1982 1992 2000 2001 2006 2007 2009 2025 2026 2142 
12:748 1511 1760 2537 2571 2572 2573 2574 2575 2576 2577 2578 2579 2580 2581 2582 2583 2584 2585 2586 2587 2588 
13:823 1796 1814 1827 1948 1993 1994 2043 2044 2045 2046 2047 2048 2049 2050 2051 2052 2053 2054 2055 2056 2057 
14:424 1103 1308 1769 1781 2085 2107 2137 2138 2544 2545 2546 2547 2548 2549 2550 2551 2552 2553 2554 2555 2556 
8:25 128 269 482 485 488 490 494 496 497 498 502 504 507 509 513 514 515 519 520 521 
15:495 552 625 993 999 1021 2273 2274 2275 2276 2277 2278 2279 2280 2281 2282 2283 2284 2285 2286 2287 
16:310 1691 2532 2636 2778 3480 3481 3482 3485 3486 3487 3488 3490 3492 3495 3496 3497 3498 3499 3500 3502 
17:2027 2083 2264 3103 3402 3403 3404 3405 3406 3411 3412 3413 3414 3415 3416 3417 3418 3419 3420 3421 3422 
0:140 1160 1759 1767 1778 1779 1811 1817 3158 3160 3586 3785 3786 3787 3788 3789 3790 3791 3792 3793 3794 
1:1934 1952 1954 1959 1964 1971 1973 1977 1978 1992 2000 2001 2006 2007 2009 2023 2025 2026 2033 2128 2143 
10:948 949 951 961 969 976 977 978 979 982 983 984 985 987 988 990 993 994 996 1004 
18:329 330 331 332 336 338 340 341 342 344 560 1066 1067 1068 1069 1070 1071 1072 1073 1075 
19:284 289 297 745 1688 1689 1690 1691 1692 1693 1694 1695 1696 1697 1698 1699 1700 1701 1702 1703 
10:948 959 963 965 966 968 970 980 981 986 987 989 991 992 993 995 996 997 1000 1003 
1:1954 1959 1978 1992 2114 2115 2118 2120 2121 2129 2131 2132 2133 2134 2136 2139 2141 2142 2144 2200 
10:696 948 949 951 953 954 955 956 958 959 960 961 963 965 966 968 969 970 972 993 
18:327 328 329 330 331 332 333 334 335 336 337 338 339 340 341 342 343 344 346 
0:1761 2088 2171 2190 2410 2413 2415 2417 2418 2420 2422 2424 2429 2431 2441 2443 2694 2695 2696 
0:1318 1704 1712 1714 1721 1729 1751 1769 1770 1774 1775 1776 1784 1785 1786 1787 1789 1790 1813 
1:1934 1938 1952 1954 1959 1971 1973 1977 1978 1992 2000 2001 2006 2007 2009 2012 2025 2026 2132 
1:1314 1934 1952 1954 1959 1971 1973 1977 1978 1992 2000 2001 2006 2007 2009 2025 2026 2117 2142 
1:1934 1944 1952 1954 1959 1971 1973 1977 1978 1992 2000 2001 2002 2006 2007 2009 2025 2026 2137 
1:1317 1934 1952 1954 1959 1971 1973 1977 1978 1992 2000 2001 2006 2007 2009 2025 2026 2114 2142 
7:75 78 80 81 82 84 228 230 231 232 233 234 235 236 237 239 240 243 
20:750 1510 1659 2126 3287 3289 3348 3349 3350 3351 3352 3353 3354 3355 3356 3357 3358 3359 
5:311 662 664 751 755 756 1531 2523 2524 2531 2588 3480 3483 3484 3491 3493 3494 3501 
0:820 821 822 823 825 826 827 828 829 830 831 832 833 834 835 836 837 838 
16:854 1690 3250 3481 3485 3486 3487 3490 3492 3495 3496 3497 3500 3502 3635 3636 3637 3639 
1:1954 1959 1978 2111 2115 2116 2120 2121 2122 2127 2129 2131 2132 2136 2139 2141 2144 2249 
10:948 966 968 976 979 980 981 986 989 991 992 993 995 996 997 1000 1002 1003 
10:948 966 968 976 979 980 981 986 987 989 991 992 993 995 996 997 1000 1003 
10:696 948 949 951 953 954 955 956 958 960 961 966 968 969 972 976 979 993 
21:497 498 550 551 556 580 581 582 583 584 585 586 587 588 589 590 591 
22:1387 1544 1741 3130 3241 3541 3583 3584 3585 3586 3587 3588 3589 3590 3591 3592 3593 
23:1504 1531 1832 2317 2318 2319 2320 2321 2322 2323 2324 2325 2326 2327 2328 2329 2330 
24:143 389 1189 1280 1282 1283 1284 1285 1286 1287 1288 1289 1290 1291 1292 1293 1294 
25:1837 1838 1839 1840 1841 1842 1843 1844 1845 1846 1847 1848 1849 1850 1851 1852 1853 
26:680 1306 1982 2373 2378 2475 2479 2482 2488 2494 2496 2497 2498 2499 2501 2502 2503 
27:739 779 780 781 782 783 784 785 786 787 788 789 790 791 792 793 794 
1:1954 1959 1978 2115 2120 2121 2129 2131 2132 2136 2139 2141 2142 2144 2200 2245 2247 
1:1309 1312 1314 1662 1933 1938 1947 1950 1958 1962 1975 1977 1982 1989 2004 2027 2083 
28:345 1326 1327 1328 1329 1330 1331 1332 1333 1334 1335 1336 1337 1338 1339 1340 
5:29 298 315 316 326 2837 3006 3007 3074 3558 3559 3560 3561 3562 3563 3564 
1:610 1134 1662 1907 1942 1950 1986 2033 2084 2098 2370 2507 2564 2856 2857 2858 
29:152 677 1133 1505 1734 1957 2224 2479 2480 2481 2485 2486 2490 2491 2492 2504 
30:614 681 1514 1986 2093 2480 2484 2752 2753 2754 2755 2756 2757 2758 2759 2760 
31:11 13 264 265 266 267 268 269 270 272 274 275 276 277 278 279 
32:1660 2114 2186 2228 2298 2299 2866 2867 2868 2869 2870 2871 2872 2873 2874 2875 
33:120 125 301 726 1938 2109 2241 2417 2816 2817 2818 2819 2820 2821 2822 2823 
1:1103 1938 1992 2118 2132 2133 2134 2181 2184 2185 2187 2189 2190 2192 2200 2204 
24:143 1189 1280 1281 1283 1284 1285 1286 1287 1288 1289 1290 1291 1292 1293 1294 
5:311 747 749 754 2768 2843 3352 3483 3494 3844 3845 3846 3847 3848 3849 3850 
18:329 330 331 332 333 335 336 338 339 340 341 342 343 344 346 1068 
1:1954 1959 1978 2115 2117 2120 2121 2129 2131 2132 2136 2139 2141 2142 2144 2247 
10:966 968 980 981 986 989 991 992 993 995 996 997 1000 1002 1003 2810 
1:1954 1959 1978 1992 2012 2115 2120 2121 2129 2131 2132 2136 2139 2141 2144 2200 
1:610 1309 1312 1662 1933 1938 1942 1950 1962 1975 1977 1986 2004 2033 2084 2098 
34:2323 2780 2784 3242 3243 3244 3245 3246 3247 3248 3249 3251 3253 3254 3255 
35:257 261 378 559 563 855 856 858 860 861 862 863 864 866 867 
36:1436 1437 1720 1772 1773 2057 2646 2797 2798 2799 2800 2801 2802 2804 2805 
1:726 1513 1964 2023 2033 2128 2143 2169 2194 2231 2760 2854 3092 3093 3094 
37:360 363 364 365 366 368 369 370 371 372 373 374 375 377 378 
0:1718 1724 1726 1745 1766 1794 1804 2428 2438 2697 2698 2699 2700 2701 2702 
16:3481 3485 3486 3487 3490 3492 3495 3496 3497 3498 3500 3502 3635 3636 3639 
1:1309 1312 1314 1933 1938 1947 1950 1958 1962 1975 1977 1982 2004 2083 2086 
38:112 857 859 865 866 867 1266 1269 1270 2288 2291 2393 2394 2396 
39:313 2535 3042 3473 3474 3475 3479 3612 3613 3651 3652 3653 3654 3655 
40:1071 1233 1234 1237 1239 1241 1244 1245 1247 1248 1250 1251 1253 1255 
41:7 8 9 10 11 12 13 14 15 16 17 18 24 25 
42:104 111 112 443 640 641 642 643 644 645 646 647 648 649 
43:53 56 732 967 2080 2549 2806 2808 2809 2811 2812 2813 2814 2815 
44:68 218 1047 1194 2658 2659 2660 2661 2662 2663 2664 2665 2666 2667 
16:756 1529 2321 2629 3068 3487 3492 3496 3498 3502 3635 3636 3638 3639 
10:948 949 951 959 961 963 965 966 968 969 970 987 993 996 
45:323 1529 2162 2629 2761 2766 2769 2771 2773 2774 2777 2778 2779 
46:672 677 1510 1531 2162 2361 2486 2763 2764 2765 2767 2768 2776 
47:1100 1102 1664 2079 2090 2147 2148 2149 2150 2151 2152 2153 2154 
8:15 23 121 269 484 502 513 514 515 601 602 603 604 
38:859 865 867 1261 1262 1263 1264 1265 1266 1267 1268 1269 1270 
48:1409 1410 1411 1412 1413 1414 1415 1416 1417 1418 1419 1420 1421 
49:144 876 2978 2979 2980 2981 2982 2983 2984 2985 2986 2987 2988 
50:145 146 147 148 149 150 151 152 153 154 155 156 157 
51:99 100 101 102 103 104 106 107 108 109 110 111 112 
52:501 2379 2380 2381 2382 2383 2384 2385 2386 2387 2388 2389 2390 
16:3481 3485 3486 3487 3488 3490 3492 3495 3496 3497 3500 3502 3637 
16:1690 1691 3481 3485 3486 3487 3490 3492 3495 3496 3497 3500 3502 
1:1307 1309 1312 1314 1933 1938 1950 1962 1975 1977 2004 2083 2086 
1:1309 1312 1933 1938 1950 1962 1975 1977 2004 2030 2089 2105 2108 
1:1309 1312 1662 1933 1938 1950 1962 1975 1977 2004 2083 2084 2098 
53:207 208 209 210 211 212 215 216 217 218 219 220 
54:1436 1446 2798 3538 3539 3540 3541 3542 3543 3544 3545 3546 
55:447 625 887 889 890 891 892 893 894 895 896 897 
56:45 124 1306 1307 1308 1309 1310 1311 1312 1313 1314 1315 
57:1311 1319 2174 3047 3048 3049 3050 3051 3052 3053 3054 3055 
58:1455 1461 1654 1845 2065 2255 3056 3303 3304 3305 3306 3307 
59:125 293 305 683 771 2528 2636 2654 2889 2890 2891 2893 
60:51 135 1820 1884 2731 2732 2733 2734 2735 2736 2737 2738 
61:628 690 691 692 693 694 695 696 697 698 699 700 
62:66 2365 2496 2509 2873 3305 3363 3453 3454 3455 3457 3458 
7:73 74 75 76 77 79 80 81 82 83 84 85 
0:1724 1744 1749 1766 1794 1804 2438 2503 2557 2699 2709 2710 
9:653 2593 2594 2596 2597 2598 2600 2601 2602 2605 2607 2612 
63:296 309 2592 3471 3472 3473 3474 3475 3476 3477 3478 3479 
9:653 2593 2594 2596 2597 2598 2600 2601 2602 2605 2607 2616 
1:1873 1940 1954 1959 1970 1978 2003 2111 2116 2122 2127 2249 
1:1314 1936 1938 1960 1992 1996 2023 2033 2181 2185 2189 2204 
10:948 949 951 961 966 968 969 976 979 987 993 996 
1:1314 1936 1947 1958 1960 1982 1996 2023 2033 2163 2179 2180 
0:1718 1724 1726 1732 1744 1745 1749 1761 1766 1794 1804 2438 
0:1718 1724 1726 1732 1744 1745 1761 1766 1794 1804 2428 2438 
64:2669 2671 2673 2674 2675 2676 2677 2678 2679 2680 2684 
65:1024 1025 1026 1027 1028 1029 1030 1031 1032 1033 1034 
66:215 220 1023 2388 2970 3503 3504 3505 3506 3507 3508 
67:537 767 984 1007 2270 2337 3150 3178 3180 3181 3183 
68:792 793 1976 2547 2550 2570 3122 3960 3961 3962 3963 
69:85 158 159 160 161 164 165 166 167 168 169 
70:59 637 638 639 899 936 1085 2811 3608 3609 3610 
71:301 752 2611 3031 3089 3478 3651 3655 3797 3798 3800 
72:319 323 2834 2835 2836 2837 3008 3009 3825 3826 3827 
5:3028 3062 3472 3478 3484 3844 3846 3847 3848 3849 3850 
73:596 1271 1342 1344 1345 1346 1844 3753 3760 3761 3762 
74:541 542 631 632 633 635 706 740 741 742 743 
75:120 298 3061 3062 3063 3064 3065 3066 3067 3068 3069 
76:1901 1930 2020 2725 2726 2727 2730 2866 2920 2921 2922 
13:1994 2044 2046 2055 2056 2173 2688 2692 3121 3127 3128 
77:361 446 447 448 449 450 451 452 453 454 455 
78:460 461 462 463 464 465 466 467 468 469 470 
79:1567 1568 1569 1570 1571 1572 1573 1574 1575 1576 1577 
80:1764 1765 1907 2202 2311 2466 2851 2852 2853 2854 2855 
81:1424 1425 1427 1428 1936 2174 2245 2465 2467 2468 2472 
82:314 1688 1695 2540 2541 2636 2841 2842 2843 2844 2845 
83:337 643 1065 1104 1118 1119 1120 1121 1122 1123 1124 
0:1718 1724 1726 1744 1745 1749 1766 1794 1804 2438 2699 
0:1718 1724 1726 1744 1745 1766 1794 1804 2428 2438 2699 
8:121 128 269 482 488 502 504 509 513 514 515 
8:121 269 482 484 488 502 504 509 513 514 515 
1:1314 1513 1947 1958 1982 2023 2033 2163 2169 2179 2180 
84:74 77 82 228 229 238 241 242 244 245 
85:185 535 605 609 610 611 612 613 614 616 
86:44 45 47 48 49 50 52 53 54 56 
87:48 50 3310 3311 3312 3313 3314 3315 3316 3317 
88:169 181 190 191 192 193 194 195 196 197 
89:586 993 1938 2058 2080 2214 2215 2216 2219 2220 
90:200 879 881 882 883 884 885 886 887 888 
91:1403 1680 2958 2959 2960 2961 2962 2963 2964 2965 
92:452 822 1341 1342 1343 1344 1345 1346 1347 1348 
93:647 966 996 1002 2404 2807 2881 2883 2884 2886 
94:625 890 3056 3240 3241 3318 3319 3321 3322 3323 
31:10 264 265 266 271 272 273 277 280 281 
95:2648 2649 2650 2651 2652 2653 2654 2655 2656 2657 
96:83 229 789 794 2331 2332 2333 2334 2335 2336 
97:363 723 1463 1464 1469 1470 1473 1474 1475 1477 
98:1133 1135 1193 1495 1510 1931 1932 1956 1957 1995 
99:835 2041 2082 2371 2372 2373 2375 2376 2377 2378 
100:244 667 668 669 773 774 775 776 777 778 
101:1314 2117 2142 2175 2176 2188 2247 3139 3176 3177 
102:2576 3043 3065 3709 3710 3711 3712 3713 3714 3715 
9:650 651 652 653 654 655 656 657 658 659 
103:185 677 1505 2235 2236 2479 2490 2491 2493 2500 
104:8 9 12 18 258 259 260 261 262 263 
38:856 857 865 866 1270 1441 1636 2290 2393 2395 
105:1609 3026 3028 3029 3030 3032 3033 3034 3035 3036 
36:1436 1437 2044 2057 2691 2797 2798 2800 2802 2803 
36:1436 1437 2057 2646 2797 2798 2800 2802 2803 2804 
13:823 1994 2044 2046 2047 2048 2055 2056 2688 2692 
5:311 3483 3484 3494 3844 3846 3847 3848 3849 3850 
7:75 79 80 81 82 84 230 232 237 239 
8:121 122 126 128 129 133 482 488 504 509 
5:284 285 289 297 304 310 311 320 321 1691 
1:1883 1954 1955 1959 1978 1982 2012 2029 2227 2239 
1:1314 1936 2142 2163 2179 2180 2182 2183 2188 2189 
1:1314 1936 1938 1960 1992 1993 1996 2023 2033 2189 
1:1938 1954 1959 1978 1992 2118 2132 2133 2134 2200 
1:1314 1936 1947 1958 1982 2142 2163 2174 2179 2180 
6:1491 1496 1501 1510 1513 1515 1519 1525 1947 2179 
6:1491 1495 1496 1501 1510 1513 1515 1519 1525 1947 
0:96 140 1143 1160 1759 1767 1778 1779 1811 1817 
106:323 2077 2591 2592 2905 3033 3087 3091 3438 
107:882 1466 3672 3674 3675 3676 3677 3678 3679 
108:1996 2183 2245 2473 2474 2475 2476 2477 2478 
109:1492 1500 1505 1509 2479 2483 2484 2487 2491 
110:1376 1380 1565 1849 2993 2997 3674 3725 3752 
111:1185 2520 2532 2536 2537 2538 2539 2542 2543 
112:1017 1018 3285 3726 3727 3728 3729 3730 3731 
113:2504 3377 3378 3379 3380 3381 3382 3383 3384 
114:336 597 1074 1278 2062 2705 3023 3703 3753 
115:1103 1495 1514 1518 2752 3168 3169 3170 3171 
116:885 1650 1652 2061 3056 3756 3757 3758 3759 
105:3026 3027 3029 3030 3031 3032 3034 3035 3036 
117:1706 1784 1828 1995 2038 2039 2040 2041 2042 
118:590 1933 1938 2081 2082 2093 2099 2100 2110 
119:1314 2213 2358 2479 2488 2489 2493 2495 2499 
120:1809 1994 2036 2037 2053 2054 2838 2839 2840 
121:1913 1951 2164 2295 2296 2297 2298 2299 2300 
122:230 232 738 739 773 789 790 1216 2392 
123:185 677 2045 2765 2965 3110 3533 3534 3536 
0:1742 1767 1783 1805 1816 1826 1830 1835 3116 
124:993 994 1002 1004 1021 2278 2281 2810 2885 
125:314 1530 2532 2536 2538 2539 2540 2541 2543 
38:859 865 867 1265 1266 1267 1269 1270 2396 
34:2323 2780 2781 3243 3244 3245 3247 3249 3251 
34:2323 2769 2781 3243 3244 3245 3247 3249 3251 
5:286 290 298 315 316 319 323 326 2837 
7:80 81 82 228 230 232 237 239 242 
5:311 747 749 751 754 755 756 3483 3494 
0:140 1741 1759 1767 1778 1779 1811 1817 3586 
0:140 1759 1767 1777 1778 1779 1811 1817 3785 
0:823 825 827 828 832 835 1796 1814 1827 
1:610 1662 1942 1947 1950 1986 1989 2033 2564 
1:610 1662 1942 1947 1950 1986 2033 2370 2564 
5:311 317 323 747 749 751 754 755 756 
8:121 122 126 127 129 133 510 516 517 
1:1873 1940 1954 1959 1970 1978 2003 2012 2249 
1:1314 2142 2163 2176 2179 2180 2182 2183 2188 
1:1314 1317 1936 1960 1996 2023 2033 2182 2183 
1:1314 1513 2023 2033 2163 2169 2179 2180 2194 
1:1314 1513 1947 1958 1964 1982 2023 2033 2169 
1:1314 1495 1513 1947 1958 1964 1982 2023 2033 
126:1526 2949 3626 3902 3999 4000 4001 4003 
127:1735 1866 2918 3720 3721 3722 3723 3724 
128:1089 1445 2402 3147 3154 3158 3159 3160 
129:366 458 1325 2404 2405 2406 2407 2408 
130:2340 2341 3442 4054 4055 4056 4057 4058 
131:272 434 435 436 437 438 439 440 
132:2397 3161 3162 3163 3164 3165 3166 3167 
133:72 646 2074 2786 3218 3219 3220 3221 
134:430 592 1010 2269 3145 3578 3579 3580 
135:718 1660 1972 2481 2492 2827 2828 2829 
136:1 182 336 1376 2408 3696 3697 3698 
137:2819 2999 3000 3001 3002 3003 3004 3005 
138:1433 1880 2991 2993 2994 2995 2996 2997 
139:1577 3216 3518 3519 3520 3521 3522 3523 
140:821 887 1230 1443 1444 1445 1446 1447 
141:446 560 561 567 568 570 571 573 
142:1016 1081 1082 3509 3510 3511 3512 3513 
0:140 835 1710 1768 1782 1824 2306 2307 
143:1396 1397 1398 1399 1400 1401 1402 1403 
144:541 630 631 632 633 634 636 637 
145:107 204 624 1664 2955 3206 3433 3434 
146:38 297 317 3042 3043 3044 3045 3046 
147:540 544 636 638 742 1085 3222 3223 
148:27 28 29 30 31 32 33 34 
149:570 1376 1676 3322 3759 3763 3764 3765 
150:983 1595 3294 3295 3296 3297 3298 3299 
151:680 1604 1605 2162 2242 2762 2772 2775 
152:1382 1863 1864 1867 1871 1872 1873 1874 
153:1604 2238 2745 2746 2747 2749 2750 2751 
154:752 1185 1493 1609 1692 2589 2591 2592 
155:294 326 2579 2891 2893 2904 3556 3557 
156:1891 1915 2242 2351 2352 2353 2354 2355 
53:207 208 211 213 214 216 219 220 
13:823 2046 2047 2048 2685 2688 2691 2692 
157:1665 1666 1667 1668 1669 1670 1671 1672 
158:557 1137 1410 1679 1680 1681 1682 1683 
159:83 241 245 478 2335 2392 4135 4136 
160:1884 2724 2725 2726 2727 2728 2729 2730 
161:1944 2002 2137 2551 2814 3123 3124 3125 
162:1956 2082 2096 2233 2359 2508 3108 3109 
163:2042 2214 2217 2218 2221 2222 2223 2225 
164:98 855 862 865 2288 2289 2290 2291 
165:1950 2083 2376 3407 3408 3409 3410 3423 
166:1842 1843 1852 2252 2255 2256 2257 2258 
167:55 889 897 1344 2060 2062 2063 2064 
168:985 1006 2080 2084 2089 2514 2807 2810 
169:1382 1873 1993 1994 2027 2461 2839 3945 
170:1488 1493 1506 1507 1517 1529 1530 1531 
171:2244 2297 3128 3135 3136 3137 3139 3141 
172:758 759 761 853 2162 2586 2770 2771 
173:1661 2403 2474 2503 2712 2713 2872 2933 
31:264 265 266 272 275 277 280 281 
0:1706 1742 1767 1784 1816 1826 1828 2038 
38:857 865 866 1270 2288 2290 2291 2393 
18:333 335 339 343 346 1068 1116 1354 
7:73 75 76 78 80 81 82 84 
7:74 75 77 80 81 82 84 228 
2:1895 1901 1910 1919 1930 2922 2931 2938 
13:823 2044 2046 2047 2048 2688 2691 2692 
174:1317 2114 2142 2176 2182 2183 2200 2251 
31:10 11 13 264 265 266 272 277 
5:290 298 315 316 326 2837 3006 3007 
5:311 662 663 664 665 2523 2524 2531 
10:948 976 979 993 994 996 1002 1004 
16:1529 2629 2778 3487 3492 3496 3498 3502 
16:2629 2636 2778 3487 3492 3496 3498 3502 
8:482 488 504 509 510 516 517 520 
0:1724 1744 1749 1766 1794 1804 1836 2557 
1:1873 1940 1970 1993 1994 2003 2027 2461 
19:284 289 297 317 745 1693 1694 1697 
1:1103 1992 2118 2132 2133 2134 2137 2138 
5:285 304 310 311 320 321 1691 2532 
2:1919 1930 2228 2229 2240 2871 2872 2874 
1:1883 1955 1964 1982 2023 2029 2033 2231 
1:1883 1947 1955 1982 2029 2232 2234 2242 
6:1491 1496 1501 1510 1519 1525 1531 2361 
6:1491 1492 1496 1501 1510 1519 1525 2362 
6:1491 1494 1496 1501 1510 1519 1525 2370 
5:285 293 304 305 311 320 321 2528 
5:285 293 304 311 320 321 2525 2528 
5:285 304 310 311 314 320 321 2532 
19:284 289 293 297 317 1693 1694 1697 
5:285 293 304 311 317 320 321 2525 
1:1992 2118 2132 2133 2134 2142 2189 2200 
1:1314 2142 2163 2175 2176 2179 2180 2188 
10:959 963 965 966 967 968 970 2813 
1:1317 1938 1954 1959 1978 1992 2012 2200 
1:1317 1954 1959 1978 1992 2114 2142 2200 
1:1938 1954 1959 1978 1992 2012 2132 2200 
1:1314 1936 2160 2163 2174 2179 2180 2193 
1:1314 1936 1960 1964 1996 2023 2033 2194 
1:1314 1947 1958 1977 1982 2083 2086 2142 
1:1977 2085 2101 2102 2105 2107 2137 2138 
1:610 1662 1883 1907 1942 1950 1986 2033 
175:1484 3673 3832 3833 3834 3835 3836 
176:1277 1484 3834 3835 4019 4020 4021 
177:321 2941 2942 2943 2944 2945 2946 
178:88 3778 3779 3780 3782 3783 3784 
179:255 472 629 938 2345 2347 2348 
180:1221 1227 1231 3392 3549 3550 3551 
181:86 87 88 89 90 91 92 
182:1432 1581 1591 1878 3755 3795 3796 
183:1936 2142 2189 2245 2463 2466 2471 
184:1510 2522 3488 3637 3681 3682 3683 
185:367 446 559 562 563 564 569 
186:1043 1044 1045 1046 1047 1049 1050 
187:1052 1373 1378 1471 2923 2924 2926 
188:438 546 547 548 549 555 557 
189:101 547 605 606 607 608 615 
190:161 162 163 1109 1110 1111 1112 
191:164 168 1109 1110 1111 1113 1114 
192:1117 3325 3326 3327 3328 3329 3330 
193:155 1132 1133 1134 1135 1136 1137 
194:923 924 942 1015 1016 1017 1018 
195:1302 2154 3023 3761 3762 3976 3977 
196:3191 3192 3193 3194 3195 3569 3570 
197:1195 1197 3365 3366 3368 3369 3371 
198:781 1191 1194 1195 1197 1198 1199 
199:471 540 2345 2346 2348 2349 2350 
200:846 869 870 871 872 873 874 
201:7 19 20 21 22 23 26 
202:209 212 359 2666 3132 3133 3134 
203:495 883 2062 3758 3964 3967 3968 
204:308 686 2788 2789 2790 2791 2792 
205:1995 2039 2040 2042 2225 3234 3235 
206:1352 1354 1635 3021 3056 3229 3230 
207:155 612 1827 2054 2309 2310 2314 
208:897 935 1344 1359 1360 1361 1362 
209:140 593 794 1829 2443 3996 3997 
210:1422 1423 1424 1425 1426 1427 1428 
211:1710 2301 2302 2303 2304 2305 2308 
212:802 803 805 806 807 808 809 
213:679 2755 2824 3169 4008 4010 4011 
214:87 795 796 798 799 800 801 
215:2082 2233 2505 2506 2507 2508 2509 
216:298 2773 2777 2782 3826 4014 4015 
216:298 323 2773 2777 2782 3826 4015 
217:1716 1807 2861 2862 2863 2864 2865 
218:17 119 1098 1594 1595 1596 1597 
219:1606 1648 1650 1651 1652 1653 1654 
220:187 3102 3103 3104 3105 3106 3107 
221:1918 3135 3137 3138 3140 3142 3143 
222:1689 1702 1703 2902 2903 2904 2905 
223:939 940 941 942 943 944 945 
224:1699 1701 2320 2575 2890 3554 3555 
225:2081 2082 2099 2178 2913 2914 2915 
226:167 734 735 736 737 738 739 
227:2649 2766 3086 3087 3088 3089 3091 
228:185 677 1858 2143 3533 3535 3537 
229:1730 2155 2156 2157 2158 2159 2160 
230:323 689 764 1531 2571 2792 3564 
231:671 672 673 674 675 677 680 
232:603 1510 1657 1800 2233 2776 3057 
233:89 1768 3055 3169 3882 3883 3884 
234:62 63 64 65 67 68 69 
235:3010 3011 3012 3014 3015 3016 3017 
142:1016 1018 1081 1082 3509 3511 3512 
236:2521 2630 2878 2904 3211 3213 3216 
237:1655 1657 1658 1659 1660 1661 1664 
59:125 305 683 2889 2892 2893 2894 
238:44 46 49 51 54 55 56 
5:287 288 299 300 323 2533 2534 
5:287 288 299 300 301 323 2534 
239:557 1736 2375 2711 2712 2713 2714 
240:158 159 161 162 163 164 165 
190:161 162 163 164 1109 1110 1111 
241:127 510 516 517 520 601 1098 
95:2650 2651 2653 2654 2655 2657 3517 
84:74 77 82 83 229 241 245 
59:125 305 683 2654 2889 2892 2893 
38:857 865 866 1270 2393 2395 2396 
242:1783 1805 1830 1835 2762 3116 3128 
243:966 993 996 1002 2807 2810 2886 
72:286 319 323 2834 2835 2836 2837 
164:855 862 865 866 2288 2290 2291 
45:323 2761 2773 2777 2778 2779 2782 
244:323 2761 2778 2779 2780 2781 2782 
76:1884 1901 1930 2725 2726 2727 2730 
245:1068 1069 1070 1072 1075 1116 1354 
7:74 77 79 80 81 82 242 
7:74 77 80 81 82 228 242 
13:1993 1994 2044 2046 2055 2056 3121 
38:856 857 865 866 867 1270 2393 
39:3473 3474 3475 3478 3479 3651 3655 
35:261 855 856 862 865 866 867 
164:855 862 865 866 867 2288 2291 
63:296 309 313 3473 3474 3475 3479 
8:269 502 513 514 515 520 601 
13:823 2044 2046 2047 2048 2057 2691 
8:15 25 269 502 513 514 515 
5:298 315 316 323 326 2837 3564 
32:1660 1930 2228 2866 2871 2872 2874 
5:28 29 31 298 315 316 326 
2:1660 1930 2469 2871 2872 2874 2937 
10:985 987 993 994 996 1004 2810 
19:1688 1691 1693 1694 1695 1697 2636 
16:756 3480 3487 3492 3496 3498 3502 
5:311 1691 2523 2524 2531 2532 3480 
0:1720 1772 1773 1796 1814 1827 2057 
13:1796 1809 1814 1827 1994 2053 2054 
0:835 1733 1734 1796 1814 1827 2052 
1:1662 1947 1950 1986 1989 2484 2564 
1:1314 1662 1947 1950 1989 2083 2493 
1:770 1479 1662 1947 1950 1989 2557 
1:1662 1947 1950 1982 1989 2083 2501 
8:121 122 126 129 133 134 242 
1:1883 1933 1938 1955 1982 2029 2082 
1:1513 1964 1982 2023 2033 2169 2231 
1:1936 1954 1959 1978 1996 2012 2245 
1:1314 1954 1959 1978 2117 2142 2247 
1:2181 2182 2183 2185 2189 2200 2204 
1:1314 1513 1964 2023 2033 2169 2194 
1:1314 1317 1947 1958 1982 2142 2176 
1:1977 2083 2086 2101 2102 2105 2142 
1:1314 1495 1513 1515 1947 1958 1982 
0:1718 1732 1744 1761 2428 2438 2440 
1:610 1883 1930 1955 1982 2020 2029 
1:610 1883 1919 1930 1955 1982 2029 
1:610 1317 1883 1919 1955 1982 2029 
