0:43 96 140 352 674 825 827 828 832 835 973 1114 1143 1350 1704 1705 1706 1707 1708 1709 1710 1711 1712 1713 1714 1715 1716 1717 1718 1719 1720 1721 1722 1723 1724 1725 1726 1727 1728 1729 1730 1731 1732 1733 1734 1735 1736 1737 1738 1739 1740 1741 1742 1743 1744 1745 1746 1747 1748 1749 1750 1751 1752 1753 1754 1755 1756 1757 1758 1759 1760 1761 1762 1763 1764 1765 1766 1767 1768 1769 1770 1771 1772 1773 1774 1775 1776 1777 1778 1779 1780 1781 1782 1783 1784 1785 1786 1787 1788 1789 1790 1791 1792 1793 1794 1795 1796 1797 1798 1799 1800 1801 1802 1803 1804 1805 1806 1807 1808 1809 1810 1811 1812 1813 1814 1815 1816 1817 1818 1819 1820 1821 1822 1823 1824 1825 1826 1827 1828 1829 1830 1831 1832 1833 1834 1835 1836 
1:153 610 770 1309 1312 1314 1317 1495 1662 1873 1883 1931 1933 1934 1935 1936 1937 1938 1939 1940 1941 1942 1943 1944 1945 1946 1947 1948 1949 1950 1951 1952 1953 1954 1955 1958 1959 1960 1961 1962 1963 1964 1965 1966 1967 1968 1969 1970 1971 1972 1973 1974 1975 1976 1977 1978 1979 1980 1981 1982 1983 1984 1985 1986 1987 1988 1989 1990 1991 1992 1993 1994 1996 1997 1998 1999 2000 2001 2002 2003 2004 2005 2006 2007 2008 2009 2010 2011 2012 2013 2014 2015 2016 2017 2018 2019 2020 2021 2022 2023 2024 2025 2026 2027 2028 2029 2030 2031 2032 2033 
2:1885 1886 1887 1888 1889 1890 1892 1893 1894 1895 1896 1897 1898 1899 1901 1903 1904 1905 1906 1909 1910 1912 1914 1916 1917 1919 1921 1922 1923 1924 1925 1926 1927 1928 1930 2229 2240 2464 2469 2476 2748 2852 2871 2872 2874 2912 2930 2931 2932 2933 2934 2935 2936 2937 2938 2939 2940 
1:1870 1934 1952 1954 1959 1971 1973 1977 1978 1992 2000 2001 2006 2007 2009 2025 2026 2101 2102 2105 2111 2112 2113 2114 2115 2116 2117 2118 2119 2120 2121 2122 2123 2124 2125 2126 2127 2128 2129 2130 2131 2132 2133 2134 2135 2136 2137 2138 2139 2140 2141 2142 2143 2144 2145 2146 
3:379 380 381 382 383 384 385 386 387 388 389 390 391 392 393 394 395 396 397 398 399 400 401 402 403 404 405 406 407 408 409 410 411 412 413 414 415 416 417 418 419 420 421 422 423 424 425 426 427 428 429 
2:184 610 1882 1883 1884 1885 1886 1887 1888 1889 1890 1891 1892 1893 1894 1895 1896 1897 1898 1899 1900 1901 1902 1903 1904 1905 1906 1907 1908 1909 1910 1911 1912 1913 1914 1915 1916 1917 1918 1919 1920 1921 1922 1923 1924 1925 1926 1927 1928 1929 1930 
4:96 476 494 1138 1139 1140 1141 1142 1143 1144 1145 1146 1147 1148 1149 1150 1151 1152 1153 1154 1155 1156 1157 1158 1159 1160 1161 1162 1163 1164 1165 1166 1167 1168 1169 1170 1171 1172 1173 1174 1175 1176 1177 1178 1179 1180 1181 
5:28 31 247 284 285 286 287 288 289 290 291 292 293 294 295 296 297 298 299 300 301 302 303 304 305 306 307 308 309 310 311 312 313 314 315 316 317 318 319 320 321 322 323 324 325 326 
6:584 587 591 1095 1732 1744 1761 2190 2264 2409 2410 2411 2412 2413 2414 2415 2416 2417 2418 2419 2420 2421 2422 2423 2424 2425 2426 2427 2428 2429 2430 2431 2432 2433 2434 2435 2436 2437 2438 2439 2440 2441 2442 2443 2444 
7:138 673 1192 1488 1489 1490 1491 1492 1494 1495 1496 1497 1498 1499 1500 1501 1502 1503 1504 1505 1508 1509 1510 1511 1512 1513 1514 1515 1516 1517 1518 1519 1520 1521 1522 1523 1524 1525 1526 1527 1528 1529 1531 1532 
8:79 80 81 82 230 232 237 239 242 394 487 1200 1201 1203 1204 1205 1206 1207 1208 1209 1210 1211 1212 1213 1214 1215 1216 1217 1218 1219 1220 1221 1222 1223 1224 1225 1226 1227 1228 1229 1230 1231 1232 
1:40 132 1101 1102 1307 1309 1312 1933 1938 1950 1962 1975 1977 2004 2078 2079 2080 2083 2084 2085 2086 2087 2088 2089 2090 2091 2092 2094 2095 2096 2097 2098 2101 2102 2103 2104 2105 2106 2107 2108 2109 
2:1883 1885 1886 1887 1888 1889 1890 1892 1893 1894 1895 1896 1897 1898 1899 1901 1903 1904 1905 1906 1909 1910 1912 1914 1916 1917 1919 1921 1922 1923 1924 1925 1926 1927 1928 1930 2229 2240 
9:24 47 121 122 126 129 133 242 263 482 483 484 486 487 488 489 491 492 493 495 499 500 501 503 504 505 506 508 509 510 511 512 516 517 518 522 523 
2:1885 1886 1887 1888 1889 1890 1892 1893 1894 1895 1896 1897 1898 1899 1901 1903 1904 1905 1906 1908 1909 1910 1912 1914 1916 1917 1919 1921 1922 1923 1924 1925 1926 1927 1928 1930 2936 
2:1885 1886 1887 1888 1889 1890 1892 1893 1894 1895 1896 1897 1898 1899 1901 1903 1904 1905 1906 1907 1909 1910 1912 1914 1916 1917 1919 1921 1922 1923 1924 1925 1926 1927 1928 1930 2852 
2:1885 1886 1887 1888 1889 1890 1892 1893 1894 1895 1896 1897 1898 1899 1900 1901 1903 1904 1905 1906 1909 1910 1912 1914 1916 1917 1919 1921 1922 1923 1924 1925 1926 1927 1928 1930 2469 
10:653 654 655 656 658 659 919 1577 2593 2594 2595 2596 2598 2599 2600 2601 2602 2603 2604 2605 2606 2607 2608 2609 2610 2611 2613 2614 2615 2616 2617 
11:696 766 921 946 947 948 949 950 951 952 953 954 955 956 957 958 959 960 961 962 963 964 965 966 967 968 969 970 971 972 973 
1:1314 1513 1515 1664 1683 1947 1958 1982 2083 2086 2142 2161 2162 2163 2164 2165 2166 2167 2168 2169 2170 2171 2172 2173 2174 2175 2176 2177 2178 2179 2180 
1:1314 1318 1936 1960 1996 2023 2033 2160 2163 2179 2180 2181 2182 2183 2185 2186 2188 2189 2191 2193 2194 2195 2196 2197 2198 2199 2201 2202 2203 2204 
11:959 963 965 966 968 970 980 981 986 987 989 991 992 993 995 996 997 1000 1003 1057 2516 2810 2813 3144 3145 3146 3147 3148 3149 3150 
12:293 317 685 1197 1693 1694 1697 2241 2525 2599 2622 2623 2624 2625 2626 2627 2628 2629 2630 2631 2632 2633 2634 2635 2636 2637 2638 2639 2640 
11:696 948 953 954 955 956 958 960 966 968 972 976 979 980 981 986 989 991 992 993 995 997 998 999 1000 1001 1002 1003 
1:1309 1312 1933 1934 1938 1950 1952 1954 1959 1962 1971 1973 1975 1977 1978 1992 2000 2001 2004 2006 2007 2009 2025 2026 2101 2102 2105 
1:1934 1952 1954 1959 1971 1973 1977 1978 1992 2000 2001 2006 2007 2009 2012 2025 2026 2115 2120 2121 2129 2131 2132 2136 2139 2141 2144 
13:718 1658 1659 1883 1919 1930 1955 1982 2029 2082 2226 2227 2228 2229 2230 2231 2232 2233 2234 2235 2236 2237 2238 2239 2240 2242 
14:151 285 304 311 320 321 663 665 721 1691 2517 2518 2519 2520 2521 2522 2523 2524 2525 2526 2527 2528 2529 2530 2531 2532 
7:612 1491 1496 1501 1510 1519 1525 1947 2179 2232 2234 2242 2357 2358 2359 2360 2361 2362 2363 2364 2365 2366 2367 2368 2369 2370 
11:696 948 953 954 955 956 958 959 960 963 965 966 968 970 972 980 981 986 989 991 992 993 995 997 1000 1003 
1:1309 1312 1933 1934 1938 1950 1952 1954 1959 1962 1971 1973 1975 1977 1978 1992 2000 2001 2004 2006 2007 2009 2025 2026 2030 2105 
15:117 118 119 120 121 122 123 124 125 126 127 128 129 130 131 132 133 134 135 136 137 138 139 140 141 
1:1780 1873 1940 1970 2003 2111 2116 2122 2127 2249 2449 2450 2451 2452 2453 2454 2455 2456 2457 2458 2459 2460 2461 2462 
16:317 323 528 744 745 746 747 748 749 750 751 752 753 754 755 756 757 758 759 760 761 762 763 764 
1:1934 1938 1952 1954 1959 1971 1973 1977 1978 1992 2000 2001 2006 2007 2009 2025 2026 2101 2102 2105 2118 2132 2133 2134 
1:1873 1934 1940 1952 1954 1959 1970 1971 1973 1977 1978 1992 2000 2001 2003 2006 2007 2009 2025 2026 2111 2116 2122 2127 
17:1479 1657 1662 1947 1950 1989 2083 2484 2493 2501 2557 2558 2559 2560 2561 2562 2563 2564 2565 2566 2567 2568 2569 
1:1954 1959 1978 2012 2115 2120 2121 2129 2131 2132 2136 2139 2141 2144 2200 2227 2239 2245 2246 2247 2248 2249 2250 
1:1314 1317 1934 1936 1947 1952 1954 1958 1959 1971 1973 1977 1978 1982 1992 2000 2001 2006 2007 2009 2025 2026 2142 
18:748 1511 1760 2537 2571 2572 2573 2574 2575 2576 2577 2578 2579 2580 2581 2582 2583 2584 2585 2586 2587 2588 
19:823 1796 1814 1827 1948 1993 1994 2043 2044 2045 2046 2047 2048 2049 2050 2051 2052 2053 2054 2055 2056 2057 
20:424 1103 1308 1769 1781 2085 2107 2137 2138 2544 2545 2546 2547 2548 2549 2550 2551 2552 2553 2554 2555 2556 
21:25 128 269 482 485 488 490 494 496 497 498 502 504 507 509 513 514 515 519 520 521 
22:495 552 625 993 999 1021 2273 2274 2275 2276 2277 2278 2279 2280 2281 2282 2283 2284 2285 2286 2287 
23:310 1691 2532 2636 2778 3480 3481 3482 3485 3486 3487 3488 3490 3492 3495 3496 3497 3498 3499 3500 3502 
24:2027 2083 2264 3103 3402 3403 3404 3405 3406 3411 3412 3413 3414 3415 3416 3417 3418 3419 3420 3421 3422 
0:140 1160 1759 1767 1778 1779 1811 1817 3158 3160 3586 3785 3786 3787 3788 3789 3790 3791 3792 3793 3794 
1:1934 1952 1954 1959 1964 1971 1973 1977 1978 1992 2000 2001 2006 2007 2009 2023 2025 2026 2033 2128 2143 
11:948 949 951 961 969 976 977 978 979 982 983 984 985 987 988 990 993 994 996 1004 
25:329 330 331 332 336 338 340 341 342 344 560 1066 1067 1068 1069 1070 1071 1072 1073 1075 
26:284 289 297 745 1688 1689 1690 1691 1692 1693 1694 1695 1696 1697 1698 1699 1700 1701 1702 1703 
11:948 959 963 965 966 968 970 980 981 986 987 989 991 992 993 995 996 997 1000 1003 
1:1954 1959 1978 1992 2114 2115 2118 2120 2121 2129 2131 2132 2133 2134 2136 2139 2141 2142 2144 2200 
11:696 948 949 951 953 954 955 956 958 959 960 961 963 965 966 968 969 970 972 993 
25:327 328 329 330 331 332 333 334 335 336 337 338 339 340 341 342 343 344 346 
6:1761 2088 2171 2190 2410 2413 2415 2417 2418 2420 2422 2424 2429 2431 2441 2443 2694 2695 2696 
0:1318 1704 1712 1714 1721 1729 1751 1769 1770 1774 1775 1776 1784 1785 1786 1787 1789 1790 1813 
1:1934 1938 1952 1954 1959 1971 1973 1977 1978 1992 2000 2001 2006 2007 2009 2012 2025 2026 2132 
1:1314 1934 1952 1954 1959 1971 1973 1977 1978 1992 2000 2001 2006 2007 2009 2025 2026 2117 2142 
1:1934 1944 1952 1954 1959 1971 1973 1977 1978 1992 2000 2001 2002 2006 2007 2009 2025 2026 2137 
1:1317 1934 1952 1954 1959 1971 1973 1977 1978 1992 2000 2001 2006 2007 2009 2025 2026 2114 2142 
8:75 78 80 81 82 84 228 230 231 232 233 234 235 236 237 239 240 243 
27:750 1510 1659 2126 3287 3289 3348 3349 3350 3351 3352 3353 3354 3355 3356 3357 3358 3359 
28:311 662 664 751 755 756 1531 2523 2524 2531 2588 3480 3483 3484 3491 3493 3494 3501 
29:820 821 822 823 825 826 827 828 829 830 831 832 833 834 835 836 837 838 
23:854 1690 3250 3481 3485 3486 3487 3490 3492 3495 3496 3497 3500 3502 3635 3636 3637 3639 
1:1954 1959 1978 2111 2115 2116 2120 2121 2122 2127 2129 2131 2132 2136 2139 2141 2144 2249 
11:948 966 968 976 979 980 981 986 989 991 992 993 995 996 997 1000 1002 1003 
11:948 966 968 976 979 980 981 986 987 989 991 992 993 995 996 997 1000 1003 
11:696 948 949 951 953 954 955 956 958 960 961 966 968 969 972 976 979 993 
30:497 498 550 551 556 580 581 582 583 584 585 586 587 588 589 590 591 
31:1387 1544 1741 3130 3241 3541 3583 3584 3585 3586 3587 3588 3589 3590 3591 3592 3593 
32:1504 1531 1832 2317 2318 2319 2320 2321 2322 2323 2324 2325 2326 2327 2328 2329 2330 
33:143 389 1189 1280 1282 1283 1284 1285 1286 1287 1288 1289 1290 1291 1292 1293 1294 
34:1837 1838 1839 1840 1841 1842 1843 1844 1845 1846 1847 1848 1849 1850 1851 1852 1853 
35:680 1306 1982 2373 2378 2475 2479 2482 2488 2494 2496 2497 2498 2499 2501 2502 2503 
36:739 779 780 781 782 783 784 785 786 787 788 789 790 791 792 793 794 
1:1954 1959 1978 2115 2120 2121 2129 2131 2132 2136 2139 2141 2142 2144 2200 2245 2247 
1:1309 1312 1314 1662 1933 1938 1947 1950 1958 1962 1975 1977 1982 1989 2004 2027 2083 
37:345 1326 1327 1328 1329 1330 1331 1332 1333 1334 1335 1336 1337 1338 1339 1340 
38:29 298 315 316 326 2837 3006 3007 3074 3558 3559 3560 3561 3562 3563 3564 
1:610 1134 1662 1907 1942 1950 1986 2033 2084 2098 2370 2507 2564 2856 2857 2858 
39:152 677 1133 1505 1734 1957 2224 2479 2480 2481 2485 2486 2490 2491 2492 2504 
40:614 681 1514 1986 2093 2480 2484 2752 2753 2754 2755 2756 2757 2758 2759 2760 
41:11 13 264 265 266 267 268 269 270 272 274 275 276 277 278 279 
42:1660 2114 2186 2228 2298 2299 2866 2867 2868 2869 2870 2871 2872 2873 2874 2875 
43:120 125 301 726 1938 2109 2241 2417 2816 2817 2818 2819 2820 2821 2822 2823 
44:1103 1938 1992 2118 2132 2133 2134 2181 2184 2185 2187 2189 2190 2192 2200 2204 
33:143 1189 1280 1281 1283 1284 1285 1286 1287 1288 1289 1290 1291 1292 1293 1294 
45:311 747 749 754 2768 2843 3352 3483 3494 3844 3845 3846 3847 3848 3849 3850 
25:329 330 331 332 333 335 336 338 339 340 341 342 343 344 346 1068 
1:1954 1959 1978 2115 2117 2120 2121 2129 2131 2132 2136 2139 2141 2142 2144 2247 
11:966 968 980 981 986 989 991 992 993 995 996 997 1000 1002 1003 2810 
1:1954 1959 1978 1992 2012 2115 2120 2121 2129 2131 2132 2136 2139 2141 2144 2200 
1:610 1309 1312 1662 1933 1938 1942 1950 1962 1975 1977 1986 2004 2033 2084 2098 
46:2323 2780 2784 3242 3243 3244 3245 3246 3247 3248 3249 3251 3253 3254 3255 
47:257 261 378 559 563 855 856 858 860 861 862 863 864 866 867 
48:1436 1437 1720 1772 1773 2057 2646 2797 2798 2799 2800 2801 2802 2804 2805 
49:726 1513 1964 2023 2033 2128 2143 2169 2194 2231 2760 2854 3092 3093 3094 
50:360 363 364 365 366 368 369 370 371 372 373 374 375 377 378 
0:1718 1724 1726 1745 1766 1794 1804 2428 2438 2697 2698 2699 2700 2701 2702 
23:3481 3485 3486 3487 3490 3492 3495 3496 3497 3498 3500 3502 3635 3636 3639 
1:1309 1312 1314 1933 1938 1947 1950 1958 1962 1975 1977 1982 2004 2083 2086 
51:112 857 859 865 866 867 1266 1269 1270 2288 2291 2393 2394 2396 
52:313 2535 3042 3473 3474 3475 3479 3612 3613 3651 3652 3653 3654 3655 
53:1071 1233 1234 1237 1239 1241 1244 1245 1247 1248 1250 1251 1253 1255 
54:7 8 9 10 11 12 13 14 15 16 17 18 24 25 
55:104 111 112 443 640 641 642 643 644 645 646 647 648 649 
56:53 56 732 967 2080 2549 2806 2808 2809 2811 2812 2813 2814 2815 
57:68 218 1047 1194 2658 2659 2660 2661 2662 2663 2664 2665 2666 2667 
23:756 1529 2321 2629 3068 3487 3492 3496 3498 3502 3635 3636 3638 3639 
11:948 949 951 959 961 963 965 966 968 969 970 987 993 996 
58:323 1529 2162 2629 2761 2766 2769 2771 2773 2774 2777 2778 2779 
59:672 677 1510 1531 2162 2361 2486 2763 2764 2765 2767 2768 2776 
60:1100 1102 1664 2079 2090 2147 2148 2149 2150 2151 2152 2153 2154 
61:15 23 121 269 484 502 513 514 515 601 602 603 604 
62:859 865 867 1261 1262 1263 1264 1265 1266 1267 1268 1269 1270 
63:1409 1410 1411 1412 1413 1414 1415 1416 1417 1418 1419 1420 1421 
64:144 876 2978 2979 2980 2981 2982 2983 2984 2985 2986 2987 2988 
65:145 146 147 148 149 150 151 152 153 154 155 156 157 
66:99 100 101 102 103 104 106 107 108 109 110 111 112 
67:501 2379 2380 2381 2382 2383 2384 2385 2386 2387 2388 2389 2390 
23:3481 3485 3486 3487 3488 3490 3492 3495 3496 3497 3500 3502 3637 
23:1690 1691 3481 3485 3486 3487 3490 3492 3495 3496 3497 3500 3502 
1:1307 1309 1312 1314 1933 1938 1950 1962 1975 1977 2004 2083 2086 
1:1309 1312 1933 1938 1950 1962 1975 1977 2004 2030 2089 2105 2108 
1:1309 1312 1662 1933 1938 1950 1962 1975 1977 2004 2083 2084 2098 
68:207 208 209 210 211 212 215 216 217 218 219 220 
69:1436 1446 2798 3538 3539 3540 3541 3542 3543 3544 3545 3546 
70:447 625 887 889 890 891 892 893 894 895 896 897 
71:45 124 1306 1307 1308 1309 1310 1311 1312 1313 1314 1315 
72:1311 1319 2174 3047 3048 3049 3050 3051 3052 3053 3054 3055 
73:1455 1461 1654 1845 2065 2255 3056 3303 3304 3305 3306 3307 
74:125 293 305 683 771 2528 2636 2654 2889 2890 2891 2893 
75:51 135 1820 1884 2731 2732 2733 2734 2735 2736 2737 2738 
76:628 690 691 692 693 694 695 696 697 698 699 700 
77:66 2365 2496 2509 2873 3305 3363 3453 3454 3455 3457 3458 
78:73 74 75 76 77 79 80 81 82 83 84 85 
0:1724 1744 1749 1766 1794 1804 2438 2503 2557 2699 2709 2710 
10:653 2593 2594 2596 2597 2598 2600 2601 2602 2605 2607 2612 
79:296 309 2592 3471 3472 3473 3474 3475 3476 3477 3478 3479 
10:653 2593 2594 2596 2597 2598 2600 2601 2602 2605 2607 2616 
1:1873 1940 1954 1959 1970 1978 2003 2111 2116 2122 2127 2249 
1:1314 1936 1938 1960 1992 1996 2023 2033 2181 2185 2189 2204 
11:948 949 951 961 966 968 969 976 979 987 993 996 
1:1314 1936 1947 1958 1960 1982 1996 2023 2033 2163 2179 2180 
0:1718 1724 1726 1732 1744 1745 1749 1761 1766 1794 1804 2438 
0:1718 1724 1726 1732 1744 1745 1761 1766 1794 1804 2428 2438 
80:2669 2671 2673 2674 2675 2676 2677 2678 2679 2680 2684 
81:1024 1025 1026 1027 1028 1029 1030 1031 1032 1033 1034 
82:215 220 1023 2388 2970 3503 3504 3505 3506 3507 3508 
83:537 767 984 1007 2270 2337 3150 3178 3180 3181 3183 
84:792 793 1976 2547 2550 2570 3122 3960 3961 3962 3963 
85:85 158 159 160 161 164 165 166 167 168 169 
86:59 637 638 639 899 936 1085 2811 3608 3609 3610 
87:301 752 2611 3031 3089 3478 3651 3655 3797 3798 3800 
88:319 323 2834 2835 2836 2837 3008 3009 3825 3826 3827 
89:3028 3062 3472 3478 3484 3844 3846 3847 3848 3849 3850 
90:596 1271 1342 1344 1345 1346 1844 3753 3760 3761 3762 
91:541 542 631 632 633 635 706 740 741 742 743 
92:120 298 3061 3062 3063 3064 3065 3066 3067 3068 3069 
93:1901 1930 2020 2725 2726 2727 2730 2866 2920 2921 2922 
94:1994 2044 2046 2055 2056 2173 2688 2692 3121 3127 3128 
95:361 446 447 448 449 450 451 452 453 454 455 
96:460 461 462 463 464 465 466 467 468 469 470 
97:1567 1568 1569 1570 1571 1572 1573 1574 1575 1576 1577 
98:1764 1765 1907 2202 2311 2466 2851 2852 2853 2854 2855 
99:1424 1425 1427 1428 1936 2174 2245 2465 2467 2468 2472 
100:314 1688 1695 2540 2541 2636 2841 2842 2843 2844 2845 
101:337 643 1065 1104 1118 1119 1120 1121 1122 1123 1124 
0:1718 1724 1726 1744 1745 1749 1766 1794 1804 2438 2699 
0:1718 1724 1726 1744 1745 1766 1794 1804 2428 2438 2699 
21:121 128 269 482 488 502 504 509 513 514 515 
21:121 269 482 484 488 502 504 509 513 514 515 
1:1314 1513 1947 1958 1982 2023 2033 2163 2169 2179 2180 
102:74 77 82 228 229 238 241 242 244 245 
103:185 535 605 609 610 611 612 613 614 616 
104:44 45 47 48 49 50 52 53 54 56 
105:48 50 3310 3311 3312 3313 3314 3315 3316 3317 
106:169 181 190 191 192 193 194 195 196 197 
107:586 993 1938 2058 2080 2214 2215 2216 2219 2220 
108:200 879 881 882 883 884 885 886 887 888 
109:1403 1680 2958 2959 2960 2961 2962 2963 2964 2965 
110:452 822 1341 1342 1343 1344 1345 1346 1347 1348 
111:647 966 996 1002 2404 2807 2881 2883 2884 2886 
112:625 890 3056 3240 3241 3318 3319 3321 3322 3323 
113:10 264 265 266 271 272 273 277 280 281 
114:2648 2649 2650 2651 2652 2653 2654 2655 2656 2657 
115:83 229 789 794 2331 2332 2333 2334 2335 2336 
116:363 723 1463 1464 1469 1470 1473 1474 1475 1477 
117:1133 1135 1193 1495 1510 1931 1932 1956 1957 1995 
118:835 2041 2082 2371 2372 2373 2375 2376 2377 2378 
119:244 667 668 669 773 774 775 776 777 778 
120:1314 2117 2142 2175 2176 2188 2247 3139 3176 3177 
121:2576 3043 3065 3709 3710 3711 3712 3713 3714 3715 
122:650 651 652 653 654 655 656 657 658 659 
123:185 677 1505 2235 2236 2479 2490 2491 2493 2500 
124:8 9 12 18 258 259 260 261 262 263 
125:856 857 865 866 1270 1441 1636 2290 2393 2395 
126:1609 3026 3028 3029 3030 3032 3033 3034 3035 3036 
48:1436 1437 2044 2057 2691 2797 2798 2800 2802 2803 
48:1436 1437 2057 2646 2797 2798 2800 2802 2803 2804 
19:823 1994 2044 2046 2047 2048 2055 2056 2688 2692 
45:311 3483 3484 3494 3844 3846 3847 3848 3849 3850 
8:75 79 80 81 82 84 230 232 237 239 
9:121 122 126 128 129 133 482 488 504 509 
5:284 285 289 297 304 310 311 320 321 1691 
1:1883 1954 1955 1959 1978 1982 2012 2029 2227 2239 
1:1314 1936 2142 2163 2179 2180 2182 2183 2188 2189 
1:1314 1936 1938 1960 1992 1993 1996 2023 2033 2189 
1:1938 1954 1959 1978 1992 2118 2132 2133 2134 2200 
1:1314 1936 1947 1958 1982 2142 2163 2174 2179 2180 
7:1491 1496 1501 1510 1513 1515 1519 1525 1947 2179 
7:1491 1495 1496 1501 1510 1513 1515 1519 1525 1947 
0:96 140 1143 1160 1759 1767 1778 1779 1811 1817 
127:323 2077 2591 2592 2905 3033 3087 3091 3438 
128:882 1466 3672 3674 3675 3676 3677 3678 3679 
129:1996 2183 2245 2473 2474 2475 2476 2477 2478 
130:1492 1500 1505 1509 2479 2483 2484 2487 2491 
131:1376 1380 1565 1849 2993 2997 3674 3725 3752 
132:1185 2520 2532 2536 2537 2538 2539 2542 2543 
133:1017 1018 3285 3726 3727 3728 3729 3730 3731 
134:2504 3377 3378 3379 3380 3381 3382 3383 3384 
135:336 597 1074 1278 2062 2705 3023 3703 3753 
136:1103 1495 1514 1518 2752 3168 3169 3170 3171 
137:885 1650 1652 2061 3056 3756 3757 3758 3759 
138:3026 3027 3029 3030 3031 3032 3034 3035 3036 
139:1706 1784 1828 1995 2038 2039 2040 2041 2042 
140:590 1933 1938 2081 2082 2093 2099 2100 2110 
141:1314 2213 2358 2479 2488 2489 2493 2495 2499 
142:1809 1994 2036 2037 2053 2054 2838 2839 2840 
143:1913 1951 2164 2295 2296 2297 2298 2299 2300 
144:230 232 738 739 773 789 790 1216 2392 
145:185 677 2045 2765 2965 3110 3533 3534 3536 
0:1742 1767 1783 1805 1816 1826 1830 1835 3116 
146:993 994 1002 1004 1021 2278 2281 2810 2885 
147:314 1530 2532 2536 2538 2539 2540 2541 2543 
62:859 865 867 1265 1266 1267 1269 1270 2396 
46:2323 2780 2781 3243 3244 3245 3247 3249 3251 
46:2323 2769 2781 3243 3244 3245 3247 3249 3251 
5:286 290 298 315 316 319 323 326 2837 
8:80 81 82 228 230 232 237 239 242 
148:311 747 749 751 754 755 756 3483 3494 
0:140 1741 1759 1767 1778 1779 1811 1817 3586 
0:140 1759 1767 1777 1778 1779 1811 1817 3785 
0:823 825 827 828 832 835 1796 1814 1827 
1:610 1662 1942 1947 1950 1986 1989 2033 2564 
1:610 1662 1942 1947 1950 1986 2033 2370 2564 
16:311 317 323 747 749 751 754 755 756 
9:121 122 126 127 129 133 510 516 517 
1:1873 1940 1954 1959 1970 1978 2003 2012 2249 
1:1314 2142 2163 2176 2179 2180 2182 2183 2188 
1:1314 1317 1936 1960 1996 2023 2033 2182 2183 
1:1314 1513 2023 2033 2163 2169 2179 2180 2194 
1:1314 1513 1947 1958 1964 1982 2023 2033 2169 
1:1314 1495 1513 1947 1958 1964 1982 2023 2033 
